1.000000000000000000e+01 1.000000000000000000e+00 6.162382634808738491e-01 6.162382634808765136e-01 3.321195767305837876e-01
1.000000000000000000e+01 2.000000000000000000e+00 8.968894000672020805e-01 8.950267555111561801e-01 4.061501447989529501e-01
1.000000000000000000e+01 3.000000000000000000e+00 9.500289174932765590e-01 9.638056052538420682e-01 4.535284416342525438e-01
1.000000000000000000e+01 4.000000000000000000e+00 9.963597735839686553e-01 9.999999999999962252e-01 4.518028211921999993e-01
1.000000000000000000e+01 5.000000000000000000e+00 9.973496756352095982e-01 9.999999999999962252e-01 4.518028211921999993e-01
1.000000000000000000e+01 6.000000000000000000e+00 9.993736375937926075e-01 9.999999999999962252e-01 4.518028211921999993e-01
1.000000000000000000e+01 7.000000000000000000e+00 9.995907405126878142e-01 9.999999999999962252e-01 4.518028211921999993e-01
1.000000000000000000e+01 8.000000000000000000e+00 9.999999999999935607e-01 9.999999999999962252e-01 4.518028211921999993e-01
1.000000000000000000e+01 9.000000000000000000e+00 9.999999999999935607e-01 9.999999999999962252e-01 4.518028211921999993e-01
1.000000000000000000e+01 1.000000000000000000e+01 9.999999999999935607e-01 9.999999999999962252e-01 4.518028211921999993e-01
1.000000000000000000e+01 1.100000000000000000e+01 9.999999999999935607e-01 9.999999999999962252e-01 4.518028211921999993e-01
4.000000000000000000e+01 1.000000000000000000e+00 3.923604779705329448e-02 3.923604779705384960e-02 2.542692102133217724e-02
4.000000000000000000e+01 2.000000000000000000e+00 2.019899697786070869e-01 9.471053292508246901e-02 5.105416805953368747e-02
4.000000000000000000e+01 3.000000000000000000e+00 3.379151875299664654e-01 2.807520797042304395e-01 1.039655011947753227e-01
4.000000000000000000e+01 4.000000000000000000e+00 7.693608139499970022e-01 9.999999999999831246e-01 2.659886796307799894e-01
4.000000000000000000e+01 5.000000000000000000e+00 8.891338874061049946e-01 9.999999999999831246e-01 2.659886796307799894e-01
4.000000000000000000e+01 6.000000000000000000e+00 9.578496780761251994e-01 9.999999999999831246e-01 2.659886796307799894e-01
4.000000000000000000e+01 7.000000000000000000e+00 9.867597394488626383e-01 9.999999999999831246e-01 2.659886796307799894e-01
4.000000000000000000e+01 8.000000000000000000e+00 9.999999999999700240e-01 9.999999999999831246e-01 2.659886796307799894e-01
4.000000000000000000e+01 9.000000000000000000e+00 9.999999999999700240e-01 9.999999999999831246e-01 2.659886796307799894e-01
4.000000000000000000e+01 1.000000000000000000e+01 9.999999999999700240e-01 9.999999999999831246e-01 2.659886796307799894e-01
4.000000000000000000e+01 1.100000000000000000e+01 9.999999999999700240e-01 9.999999999999831246e-01 2.659886796307799894e-01
7.000000000000000000e+01 1.000000000000000000e+00 4.236823074421604968e-03 4.236823074421684765e-03 5.486503645619396699e-03
7.000000000000000000e+01 2.000000000000000000e+00 2.496068211863172043e-02 2.889633224722098007e-02 1.755415199848365040e-02
7.000000000000000000e+01 3.000000000000000000e+00 1.388709593255777197e-01 1.333814162070844356e-01 7.929766618481755291e-02
7.000000000000000000e+01 4.000000000000000000e+00 5.322042561183292220e-01 9.999999999999736877e-01 3.352589979232004636e-01
7.000000000000000000e+01 5.000000000000000000e+00 7.057329398481593241e-01 9.999999999999736877e-01 3.352589979232004636e-01
7.000000000000000000e+01 6.000000000000000000e+00 8.803679713449564792e-01 9.999999999999736877e-01 3.352589979232004636e-01
7.000000000000000000e+01 7.000000000000000000e+00 9.642729724851916151e-01 9.999999999999736877e-01 3.352589979232004636e-01
7.000000000000000000e+01 8.000000000000000000e+00 9.999999999999440448e-01 9.999999999999736877e-01 3.352589979232004636e-01
7.000000000000000000e+01 9.000000000000000000e+00 9.999999999999440448e-01 9.999999999999736877e-01 3.352589979232004636e-01
7.000000000000000000e+01 1.000000000000000000e+01 9.999999999999440448e-01 9.999999999999736877e-01 3.352589979232004636e-01
7.000000000000000000e+01 1.100000000000000000e+01 9.999999999999440448e-01 9.999999999999736877e-01 3.352589979232004636e-01
1.000000000000000000e+02 1.000000000000000000e+00 2.216286619341264509e-03 2.216286619341339102e-03 2.128067117247635191e-03
1.000000000000000000e+02 2.000000000000000000e+00 8.070982242851297214e-03 1.010164973627843826e-02 7.933789337883374176e-03
1.000000000000000000e+02 3.000000000000000000e+00 3.692907896378209986e-02 5.026619213091822885e-02 2.470605749153017422e-02
1.000000000000000000e+02 4.000000000000000000e+00 2.614598562966308215e-01 9.999999999999568123e-01 2.001274877557239207e-01
1.000000000000000000e+02 5.000000000000000000e+00 4.754388981772369460e-01 9.999999999999568123e-01 2.001274877557239207e-01
1.000000000000000000e+02 6.000000000000000000e+00 7.582250880908548707e-01 9.999999999999568123e-01 2.001274877557239207e-01
1.000000000000000000e+02 7.000000000000000000e+00 9.211419230685361503e-01 9.999999999999568123e-01 2.001274877557239207e-01
1.000000000000000000e+02 8.000000000000000000e+00 9.999999999999209521e-01 9.999999999999568123e-01 2.001274877557239207e-01
1.000000000000000000e+02 9.000000000000000000e+00 9.999999999999209521e-01 9.999999999999568123e-01 2.001274877557239207e-01
1.000000000000000000e+02 1.000000000000000000e+01 9.999999999999209521e-01 9.999999999999568123e-01 2.001274877557239207e-01
1.000000000000000000e+02 1.100000000000000000e+01 9.999999999999209521e-01 9.999999999999568123e-01 2.001274877557239207e-01
1.300000000000000000e+02 1.000000000000000000e+00 8.919984098186582505e-04 8.919984098186967397e-04 9.058315140014370700e-04
1.300000000000000000e+02 2.000000000000000000e+00 1.900303482169782721e-03 3.715870077516511029e-03 2.981299305956306919e-03
1.300000000000000000e+02 3.000000000000000000e+00 1.359409405735227325e-02 4.511836143246696074e-02 2.564271158096022643e-02
1.300000000000000000e+02 4.000000000000000000e+00 2.085435773555837091e-01 9.999999999999472644e-01 2.722969292292012899e-01
1.300000000000000000e+02 5.000000000000000000e+00 4.265656285515616597e-01 9.999999999999472644e-01 2.722969292292012899e-01
1.300000000000000000e+02 6.000000000000000000e+00 7.576725488485933635e-01 9.999999999999472644e-01 2.722969292292012899e-01
1.300000000000000000e+02 7.000000000000000000e+00 9.190802777932306489e-01 9.999999999999472644e-01 2.722969292292012899e-01
1.300000000000000000e+02 8.000000000000000000e+00 9.999999999999060751e-01 9.999999999999472644e-01 2.722969292292012899e-01
1.300000000000000000e+02 9.000000000000000000e+00 9.999999999999060751e-01 9.999999999999472644e-01 2.722969292292012899e-01
1.300000000000000000e+02 1.000000000000000000e+01 9.999999999999060751e-01 9.999999999999472644e-01 2.722969292292012899e-01
1.300000000000000000e+02 1.100000000000000000e+01 9.999999999999060751e-01 9.999999999999472644e-01 2.722969292292012899e-01
1.600000000000000000e+02 1.000000000000000000e+00 1.020211286341890798e-04 1.020211286341947312e-04 7.725109469729303979e-05
1.600000000000000000e+02 2.000000000000000000e+00 5.226002410551050395e-04 1.629908359607874519e-03 5.777161026012172726e-04
1.600000000000000000e+02 3.000000000000000000e+00 6.805468408057799637e-03 2.593320594518606567e-02 1.571643201179282606e-02
1.600000000000000000e+02 4.000000000000000000e+00 1.855767706020889918e-01 9.999999999999371614e-01 3.131823861282138077e-01
1.600000000000000000e+02 5.000000000000000000e+00 3.881519820557982614e-01 9.999999999999371614e-01 3.131823861282138077e-01
1.600000000000000000e+02 6.000000000000000000e+00 7.102659548215055629e-01 9.999999999999371614e-01 3.131823861282138077e-01
1.600000000000000000e+02 7.000000000000000000e+00 9.015897785381179474e-01 9.999999999999371614e-01 3.131823861282138077e-01
1.600000000000000000e+02 8.000000000000000000e+00 9.999999999998798739e-01 9.999999999999371614e-01 3.131823861282138077e-01
1.600000000000000000e+02 9.000000000000000000e+00 9.999999999998798739e-01 9.999999999999371614e-01 3.131823861282138077e-01
1.600000000000000000e+02 1.000000000000000000e+01 9.999999999998798739e-01 9.999999999999371614e-01 3.131823861282138077e-01
1.600000000000000000e+02 1.100000000000000000e+01 9.999999999998798739e-01 9.999999999999371614e-01 3.131823861282138077e-01
1.900000000000000000e+02 1.000000000000000000e+00 2.297364074977201214e-05 2.297364074977363845e-05 2.032632712256538562e-05
1.900000000000000000e+02 2.000000000000000000e+00 4.795622645709388880e-04 2.034271664389435651e-03 1.269439350192835912e-03
1.900000000000000000e+02 3.000000000000000000e+00 4.519467858890105841e-03 2.781706782636527223e-02 3.484049832167177702e-02
1.900000000000000000e+02 4.000000000000000000e+00 2.800878640214746751e-01 9.999999999999248379e-01 2.224306684387783728e-01
1.900000000000000000e+02 5.000000000000000000e+00 4.572617526350954975e-01 9.999999999999248379e-01 2.224306684387783728e-01
1.900000000000000000e+02 6.000000000000000000e+00 7.351003999714988968e-01 9.999999999999248379e-01 2.224306684387783728e-01
1.900000000000000000e+02 7.000000000000000000e+00 9.122391049233087301e-01 9.999999999999248379e-01 2.224306684387783728e-01
1.900000000000000000e+02 8.000000000000000000e+00 9.999999999998561151e-01 9.999999999999248379e-01 2.224306684387783728e-01
1.900000000000000000e+02 9.000000000000000000e+00 9.999999999998561151e-01 9.999999999999248379e-01 2.224306684387783728e-01
1.900000000000000000e+02 1.000000000000000000e+01 9.999999999998561151e-01 9.999999999999248379e-01 2.224306684387783728e-01
1.900000000000000000e+02 1.100000000000000000e+01 9.999999999998561151e-01 9.999999999999248379e-01 2.224306684387783728e-01
