7.000000000000000000e+01 1.000000000000000000e+01 1.706297199084288452e-01 1.147010383005005185e-01 8.756000000000000227e+02 8.807999999999999545e+02
7.000000000000000000e+01 1.200000000000000000e+01 2.588631072032733793e-01 1.716944663255561832e-01 1.020399999999999977e+03 1.112000000000000000e+03
7.000000000000000000e+01 1.400000000000000000e+01 3.863399919199100863e-01 2.502339324360464690e-01 1.170000000000000000e+03 1.400000000000000000e+03
7.000000000000000000e+01 1.600000000000000000e+01 5.727836057349825483e-01 3.848683682305493181e-01 1.324400000000000091e+03 1.704000000000000000e+03
7.000000000000000000e+01 1.800000000000000000e+01 6.246964723037404799e-01 4.575257459341802724e-01 1.388400000000000091e+03 1.832000000000000000e+03
7.000000000000000000e+01 2.000000000000000000e+01 6.841440786286988596e-01 5.556272753048135948e-01 1.452400000000000091e+03 1.960000000000000000e+03
7.000000000000000000e+01 2.200000000000000000e+01 7.382113049056903131e-01 6.603608753148966226e-01 1.516400000000000091e+03 2.088000000000000000e+03
7.000000000000000000e+01 2.400000000000000000e+01 8.013723427586452175e-01 7.737231718618853282e-01 1.580400000000000091e+03 2.216000000000000000e+03
7.000000000000000000e+01 2.600000000000000000e+01 8.639661747645165368e-01 8.778302690371457828e-01 1.644400000000000091e+03 2.344000000000000000e+03
7.000000000000000000e+01 2.800000000000000000e+01 9.216622055723886486e-01 9.510528610533777183e-01 1.708400000000000091e+03 2.472000000000000000e+03
7.000000000000000000e+01 3.000000000000000000e+01 9.670392516724166665e-01 9.878625099089411998e-01 1.772400000000000091e+03 2.600000000000000000e+03
7.000000000000000000e+01 3.200000000000000000e+01 9.999999999999490408e-01 9.999999999999731326e-01 1.836400000000000091e+03 2.728000000000000000e+03
8.000000000000000000e+01 1.000000000000000000e+01 1.188690298198661760e-01 4.758406321151278928e-02 8.836000000000000227e+02 8.880000000000000000e+02
8.000000000000000000e+01 1.200000000000000000e+01 2.001672134646154677e-01 8.914935372082301301e-02 1.029200000000000045e+03 1.128000000000000000e+03
8.000000000000000000e+01 1.400000000000000000e+01 3.156105137926930593e-01 1.551532350823695838e-01 1.178000000000000000e+03 1.400000000000000000e+03
8.000000000000000000e+01 1.600000000000000000e+01 4.997118969365701990e-01 2.832219911450130634e-01 1.330000000000000000e+03 1.704000000000000000e+03
8.000000000000000000e+01 1.800000000000000000e+01 5.646644392940484147e-01 3.746025631438599235e-01 1.368400000000000091e+03 1.832000000000000000e+03
8.000000000000000000e+01 2.000000000000000000e+01 6.285994396130630824e-01 4.905859887269380382e-01 1.406799999999999955e+03 1.960000000000000000e+03
8.000000000000000000e+01 2.200000000000000000e+01 6.991689477842644163e-01 6.168467967762402138e-01 1.445200000000000045e+03 2.088000000000000000e+03
8.000000000000000000e+01 2.400000000000000000e+01 7.721517519821643472e-01 7.544411308753895540e-01 1.483599999999999909e+03 2.216000000000000000e+03
8.000000000000000000e+01 2.600000000000000000e+01 8.440446189071835192e-01 8.731825863387253639e-01 1.522000000000000000e+03 2.344000000000000000e+03
8.000000000000000000e+01 2.800000000000000000e+01 9.059827894952873217e-01 9.543502155894636463e-01 1.560400000000000091e+03 2.472000000000000000e+03
8.000000000000000000e+01 3.000000000000000000e+01 9.583368875742976911e-01 9.909681386365285505e-01 1.598799999999999955e+03 2.600000000000000000e+03
8.000000000000000000e+01 3.200000000000000000e+01 9.999999999999428235e-01 9.999999999999669154e-01 1.637200000000000045e+03 2.728000000000000000e+03
9.000000000000000000e+01 1.000000000000000000e+01 1.479676199670398318e-01 4.006956791392045358e-02 8.987999999999999545e+02 8.880000000000000000e+02
9.000000000000000000e+01 1.200000000000000000e+01 1.935004659455163700e-01 6.188397733328141609e-02 1.033200000000000045e+03 1.128000000000000000e+03
9.000000000000000000e+01 1.400000000000000000e+01 2.575696614955174102e-01 1.087337447542248842e-01 1.174000000000000000e+03 1.400000000000000000e+03
9.000000000000000000e+01 1.600000000000000000e+01 3.670010768523194744e-01 2.013097344956746027e-01 1.321200000000000045e+03 1.704000000000000000e+03
9.000000000000000000e+01 1.800000000000000000e+01 4.228143668339375272e-01 2.797540917553594242e-01 1.372400000000000091e+03 1.832000000000000000e+03
9.000000000000000000e+01 2.000000000000000000e+01 4.826490334901298307e-01 3.730103095787162815e-01 1.423599999999999909e+03 1.960000000000000000e+03
9.000000000000000000e+01 2.200000000000000000e+01 5.588913853863074488e-01 5.028759649609697568e-01 1.474799999999999955e+03 2.088000000000000000e+03
9.000000000000000000e+01 2.400000000000000000e+01 6.464236640404921186e-01 6.615026785450291991e-01 1.526000000000000000e+03 2.216000000000000000e+03
9.000000000000000000e+01 2.600000000000000000e+01 7.380888507303501322e-01 8.216673712868513002e-01 1.577200000000000045e+03 2.344000000000000000e+03
9.000000000000000000e+01 2.800000000000000000e+01 8.359504269647631824e-01 9.365134498876545033e-01 1.628400000000000091e+03 2.472000000000000000e+03
9.000000000000000000e+01 3.000000000000000000e+01 9.248137844578468991e-01 9.903938435802517315e-01 1.679599999999999909e+03 2.600000000000000000e+03
9.000000000000000000e+01 3.200000000000000000e+01 9.999999999999357181e-01 9.999999999967977837e-01 1.730799999999999955e+03 2.728000000000000000e+03
1.000000000000000000e+02 1.000000000000000000e+01 1.316549685648486789e-02 9.841791630705355037e-03 8.483999999999999773e+02 8.880000000000000000e+02
1.000000000000000000e+02 1.200000000000000000e+01 2.635747346991845069e-02 2.300165819522905983e-02 1.028400000000000091e+03 1.128000000000000000e+03
1.000000000000000000e+02 1.400000000000000000e+01 6.186991392331353534e-02 4.655770131483803753e-02 1.219599999999999909e+03 1.400000000000000000e+03
1.000000000000000000e+02 1.600000000000000000e+01 1.430150295043785547e-01 1.038340153034680718e-01 1.422000000000000000e+03 1.704000000000000000e+03
1.000000000000000000e+02 1.800000000000000000e+01 2.008381494945431778e-01 1.644267257411183292e-01 1.483599999999999909e+03 1.832000000000000000e+03
1.000000000000000000e+02 2.000000000000000000e+01 2.807674515141626581e-01 2.474244205076110981e-01 1.546799999999999955e+03 1.960000000000000000e+03
1.000000000000000000e+02 2.200000000000000000e+01 3.710924672768077248e-01 3.708001351837929560e-01 1.611599999999999909e+03 2.088000000000000000e+03
1.000000000000000000e+02 2.400000000000000000e+01 4.895389348772201110e-01 5.522452417336907171e-01 1.678000000000000000e+03 2.216000000000000000e+03
1.000000000000000000e+02 2.600000000000000000e+01 6.171372004290153201e-01 7.534411836334615753e-01 1.746000000000000000e+03 2.344000000000000000e+03
1.000000000000000000e+02 2.800000000000000000e+01 7.590215541879639094e-01 9.103031717681302482e-01 1.815599999999999909e+03 2.472000000000000000e+03
1.000000000000000000e+02 3.000000000000000000e+01 8.907248742204396663e-01 9.855477830488801327e-01 1.886799999999999955e+03 2.600000000000000000e+03
1.000000000000000000e+02 3.200000000000000000e+01 9.999999999999250599e-01 9.999999999976383336e-01 1.959599999999999909e+03 2.728000000000000000e+03
1.100000000000000000e+02 1.000000000000000000e+01 3.102950928962215291e-02 9.883078306670480678e-03 1.013600000000000023e+03 8.880000000000000000e+02
1.100000000000000000e+02 1.200000000000000000e+01 7.343714434114133327e-02 1.819438811549823481e-02 1.200799999999999955e+03 1.128000000000000000e+03
1.100000000000000000e+02 1.400000000000000000e+01 1.742032836082522407e-01 3.616621375314336972e-02 1.397599999999999909e+03 1.400000000000000000e+03
1.100000000000000000e+02 1.600000000000000000e+01 3.928731040696160637e-01 9.489834720893323972e-02 1.604000000000000000e+03 1.704000000000000000e+03
1.100000000000000000e+02 1.800000000000000000e+01 4.366160326691983506e-01 1.607665411916761600e-01 1.642400000000000091e+03 1.832000000000000000e+03
1.100000000000000000e+02 2.000000000000000000e+01 4.893854522328210388e-01 2.555308380697339232e-01 1.680799999999999955e+03 1.960000000000000000e+03
1.100000000000000000e+02 2.200000000000000000e+01 5.610676397969428519e-01 4.040994884838344237e-01 1.719200000000000045e+03 2.088000000000000000e+03
1.100000000000000000e+02 2.400000000000000000e+01 6.354592063800866830e-01 5.828117540809241159e-01 1.757599999999999909e+03 2.216000000000000000e+03
1.100000000000000000e+02 2.600000000000000000e+01 7.234749158084192722e-01 7.762439555326301477e-01 1.796000000000000000e+03 2.344000000000000000e+03
1.100000000000000000e+02 2.800000000000000000e+01 8.159028559036339834e-01 9.193110864049136577e-01 1.834400000000000091e+03 2.472000000000000000e+03
1.100000000000000000e+02 3.000000000000000000e+01 9.123302598976528177e-01 9.871433007656167380e-01 1.872799999999999955e+03 2.600000000000000000e+03
1.100000000000000000e+02 3.200000000000000000e+01 9.999999999999203970e-01 9.999999999999591438e-01 1.911200000000000045e+03 2.728000000000000000e+03
1.200000000000000000e+02 1.000000000000000000e+01 7.172249652954253499e-03 5.883919144374827673e-03 8.312000000000000455e+02 8.880000000000000000e+02
1.200000000000000000e+02 1.200000000000000000e+01 1.820488377464321919e-02 1.236601216714338855e-02 1.034400000000000091e+03 1.128000000000000000e+03
1.200000000000000000e+02 1.400000000000000000e+01 4.309988835505516869e-02 3.099080925870710199e-02 1.256799999999999955e+03 1.400000000000000000e+03
1.200000000000000000e+02 1.600000000000000000e+01 1.036577071570737862e-01 8.157640083718094293e-02 1.498400000000000091e+03 1.704000000000000000e+03
1.200000000000000000e+02 1.800000000000000000e+01 1.533831726086695435e-01 1.251925513945791879e-01 1.584799999999999955e+03 1.832000000000000000e+03
1.200000000000000000e+02 2.000000000000000000e+01 2.151408191119796309e-01 1.987122177224474595e-01 1.671200000000000045e+03 1.960000000000000000e+03
1.200000000000000000e+02 2.200000000000000000e+01 2.967347051231369881e-01 3.057081656957328919e-01 1.757599999999999909e+03 2.088000000000000000e+03
1.200000000000000000e+02 2.400000000000000000e+01 4.105705938303699787e-01 4.855716992437179025e-01 1.844000000000000000e+03 2.216000000000000000e+03
1.200000000000000000e+02 2.600000000000000000e+01 5.367042164021007533e-01 6.985772720523838464e-01 1.930400000000000091e+03 2.344000000000000000e+03
1.200000000000000000e+02 2.800000000000000000e+01 6.852470261161406340e-01 8.891648007682972921e-01 2.016799999999999955e+03 2.472000000000000000e+03
1.200000000000000000e+02 3.000000000000000000e+01 8.498212794382968838e-01 9.823792275271523433e-01 2.103199999999999818e+03 2.600000000000000000e+03
1.200000000000000000e+02 3.200000000000000000e+01 9.999999999999301670e-01 9.999999999999538147e-01 2.189599999999999909e+03 2.728000000000000000e+03
1.300000000000000000e+02 1.000000000000000000e+01 4.273320915405267803e-03 4.324114927828843699e-03 8.603999999999999773e+02 8.880000000000000000e+02
1.300000000000000000e+02 1.200000000000000000e+01 9.695506812525525597e-03 1.043290686008308855e-02 1.063599999999999909e+03 1.128000000000000000e+03
1.300000000000000000e+02 1.400000000000000000e+01 2.463896788153881884e-02 2.466871227863553021e-02 1.286000000000000000e+03 1.400000000000000000e+03
1.300000000000000000e+02 1.600000000000000000e+01 7.602844713733011850e-02 6.286770304030084300e-02 1.527599999999999909e+03 1.704000000000000000e+03
1.300000000000000000e+02 1.800000000000000000e+01 1.122469119156964956e-01 9.820075460573363113e-02 1.623599999999999909e+03 1.832000000000000000e+03
1.300000000000000000e+02 2.000000000000000000e+01 1.627509928670834438e-01 1.564641871813177987e-01 1.719599999999999909e+03 1.960000000000000000e+03
1.300000000000000000e+02 2.200000000000000000e+01 2.318642309092358578e-01 2.608414339229315204e-01 1.815599999999999909e+03 2.088000000000000000e+03
1.300000000000000000e+02 2.400000000000000000e+01 3.361822007631624643e-01 4.425432448670126862e-01 1.911599999999999909e+03 2.216000000000000000e+03
1.300000000000000000e+02 2.600000000000000000e+01 4.631836382601894897e-01 6.720356539504962479e-01 2.007599999999999909e+03 2.344000000000000000e+03
1.300000000000000000e+02 2.800000000000000000e+01 6.323345276501863843e-01 8.760857851546998143e-01 2.103599999999999909e+03 2.472000000000000000e+03
1.300000000000000000e+02 3.000000000000000000e+01 8.187364030651164137e-01 9.798109915605601739e-01 2.199599999999999909e+03 2.600000000000000000e+03
1.300000000000000000e+02 3.200000000000000000e+01 9.999999999999126254e-01 9.999999999999577005e-01 2.295599999999999909e+03 2.728000000000000000e+03
1.400000000000000000e+02 1.000000000000000000e+01 7.763556906728474871e-03 2.426799707637703092e-03 8.740000000000000000e+02 8.880000000000000000e+02
1.400000000000000000e+02 1.200000000000000000e+01 2.057949906810977933e-02 4.981626388994775910e-03 1.043599999999999909e+03 1.128000000000000000e+03
1.400000000000000000e+02 1.400000000000000000e+01 5.224016603574359319e-02 1.052865024076698672e-02 1.226000000000000000e+03 1.400000000000000000e+03
1.400000000000000000e+02 1.600000000000000000e+01 1.251411142970713930e-01 3.022213778697217107e-02 1.421200000000000045e+03 1.704000000000000000e+03
1.400000000000000000e+02 1.800000000000000000e+01 1.426236227684013758e-01 5.466968114448604588e-02 1.498000000000000000e+03 1.832000000000000000e+03
1.400000000000000000e+02 2.000000000000000000e+01 1.783782896137041940e-01 1.093001293011064690e-01 1.574799999999999955e+03 1.960000000000000000e+03
1.400000000000000000e+02 2.200000000000000000e+01 2.310358847831424089e-01 2.228973894898530206e-01 1.651599999999999909e+03 2.088000000000000000e+03
1.400000000000000000e+02 2.400000000000000000e+01 3.175310797067258384e-01 4.096808081877667540e-01 1.728400000000000091e+03 2.216000000000000000e+03
1.400000000000000000e+02 2.600000000000000000e+01 4.361140818906653616e-01 6.557803987936875467e-01 1.805200000000000045e+03 2.344000000000000000e+03
1.400000000000000000e+02 2.800000000000000000e+01 6.002761750417080489e-01 8.694133730515550829e-01 1.882000000000000000e+03 2.472000000000000000e+03
1.400000000000000000e+02 3.000000000000000000e+01 7.962508870988330711e-01 9.760060926532079240e-01 1.958799999999999955e+03 2.600000000000000000e+03
1.400000000000000000e+02 3.200000000000000000e+01 9.999999999999102940e-01 9.999999999529874950e-01 2.035599999999999909e+03 2.728000000000000000e+03
