1.000000000000000000e+01 1.000000000000000000e+00 7.964556095643998690e-01 7.964556095644030886e-01 2.000000000000000000e+01 2.000000000000000000e+01
1.000000000000000000e+01 2.000000000000000000e+00 9.686331107677412788e-01 9.936235952688867723e-01 1.155999999999999943e+02 5.020000000000000284e+01
1.000000000000000000e+01 3.000000000000000000e+00 9.999009641954321737e-01 9.978644572802828350e-01 2.330000000000000000e+02 6.479999999999999716e+01
1.000000000000000000e+01 4.000000000000000000e+00 9.999999999999911182e-01 9.993057953837511942e-01 4.156000000000000227e+02 7.859999999999999432e+01
1.000000000000000000e+01 5.000000000000000000e+00 9.999999999999913403e-01 9.999469961201056245e-01 5.210000000000000000e+02 9.400000000000000000e+01
1.000000000000000000e+01 6.000000000000000000e+00 9.999999999999920064e-01 9.999876973847425798e-01 6.443999999999999773e+02 1.094000000000000057e+02
1.000000000000000000e+01 7.000000000000000000e+00 9.999999999999914513e-01 9.999960952785309498e-01 7.870000000000000000e+02 1.250000000000000000e+02
1.000000000000000000e+01 8.000000000000000000e+00 9.999999999999914513e-01 9.999999999999955591e-01 9.500000000000000000e+02 1.454000000000000057e+02
1.000000000000000000e+01 9.000000000000000000e+00 9.999999999999914513e-01 9.999999999999955591e-01 9.923999999999999773e+02 1.454000000000000057e+02
1.000000000000000000e+01 1.000000000000000000e+01 9.999999999999913403e-01 9.999999999999955591e-01 1.036400000000000091e+03 1.454000000000000057e+02
1.000000000000000000e+01 1.100000000000000000e+01 9.999999999999913403e-01 9.999999999999955591e-01 1.082000000000000000e+03 1.454000000000000057e+02
1.000000000000000000e+01 1.200000000000000000e+01 9.999999999999914513e-01 9.999999999999955591e-01 1.129200000000000045e+03 1.454000000000000057e+02
1.000000000000000000e+01 1.300000000000000000e+01 9.999999999999908962e-01 9.999999999999955591e-01 1.178000000000000000e+03 1.454000000000000057e+02
1.000000000000000000e+01 1.400000000000000000e+01 9.999999999999914513e-01 9.999999999999955591e-01 1.228400000000000091e+03 1.454000000000000057e+02
1.000000000000000000e+01 1.500000000000000000e+01 9.999999999999911182e-01 9.999999999999955591e-01 1.280400000000000091e+03 1.454000000000000057e+02
1.000000000000000000e+01 1.600000000000000000e+01 9.999998327609708193e-01 9.999999999999955591e-01 1.334000000000000000e+03 1.454000000000000057e+02
1.000000000000000000e+01 1.700000000000000000e+01 9.999999814963308475e-01 9.999999999999955591e-01 1.346799999999999955e+03 1.454000000000000057e+02
1.000000000000000000e+01 1.800000000000000000e+01 9.999999797321962314e-01 9.999999999999955591e-01 1.359599999999999909e+03 1.454000000000000057e+02
1.000000000000000000e+01 1.900000000000000000e+01 9.999998940426466643e-01 9.999999999999955591e-01 1.372400000000000091e+03 1.454000000000000057e+02
1.000000000000000000e+01 2.000000000000000000e+01 9.999999773846145468e-01 9.999999999999955591e-01 1.385200000000000045e+03 1.454000000000000057e+02
1.000000000000000000e+01 2.100000000000000000e+01 9.999999312390810413e-01 9.999999999999955591e-01 1.398000000000000000e+03 1.454000000000000057e+02
1.000000000000000000e+01 2.200000000000000000e+01 9.999999385529673157e-01 9.999999999999955591e-01 1.410799999999999955e+03 1.454000000000000057e+02
1.000000000000000000e+01 2.300000000000000000e+01 9.999996312847152513e-01 9.999999999999955591e-01 1.423599999999999909e+03 1.454000000000000057e+02
1.000000000000000000e+01 2.400000000000000000e+01 9.999999310989566847e-01 9.999999999999955591e-01 1.436400000000000091e+03 1.454000000000000057e+02
2.000000000000000000e+01 1.000000000000000000e+00 2.541774982143581996e-01 2.541774982143603090e-01 2.000000000000000000e+01 2.000000000000000000e+01
2.000000000000000000e+01 2.000000000000000000e+00 5.149242029586742486e-01 5.307600001148614632e-01 1.092000000000000028e+02 6.479999999999999716e+01
2.000000000000000000e+01 3.000000000000000000e+00 7.039714986895218019e-01 6.809298109076337147e-01 2.195999999999999943e+02 1.272000000000000028e+02
2.000000000000000000e+01 4.000000000000000000e+00 8.103090818874212342e-01 8.521496784439746008e-01 4.163999999999999773e+02 2.061999999999999886e+02
2.000000000000000000e+01 5.000000000000000000e+00 9.022411811588817443e-01 8.979430667108593278e-01 5.167999999999999545e+02 2.721999999999999886e+02
2.000000000000000000e+01 6.000000000000000000e+00 9.417320501292728574e-01 9.365930666666949511e-01 6.307999999999999545e+02 3.438000000000000114e+02
2.000000000000000000e+01 7.000000000000000000e+00 9.601909713728439266e-01 9.609676361545258505e-01 7.583999999999999773e+02 4.236000000000000227e+02
2.000000000000000000e+01 8.000000000000000000e+00 9.775730751801450236e-01 9.816193062054718865e-01 8.996000000000000227e+02 5.086000000000000227e+02
2.000000000000000000e+01 9.000000000000000000e+00 9.836368309741922999e-01 9.873417520570585415e-01 9.596000000000000227e+02 5.383999999999999773e+02
2.000000000000000000e+01 1.000000000000000000e+01 9.918223501421994381e-01 9.921493121251698799e-01 1.019600000000000023e+03 5.702000000000000455e+02
2.000000000000000000e+01 1.100000000000000000e+01 9.946337605624975264e-01 9.953696746689448815e-01 1.079599999999999909e+03 6.040000000000000000e+02
2.000000000000000000e+01 1.200000000000000000e+01 9.964457297112112588e-01 9.975197279484102619e-01 1.139599999999999909e+03 6.397999999999999545e+02
2.000000000000000000e+01 1.300000000000000000e+01 9.974627467590544416e-01 9.986051414676595517e-01 1.199599999999999909e+03 6.776000000000000227e+02
2.000000000000000000e+01 1.400000000000000000e+01 9.984159082234904670e-01 9.994587462069184358e-01 1.259599999999999909e+03 7.173999999999999773e+02
2.000000000000000000e+01 1.500000000000000000e+01 9.992499369665408526e-01 9.997674989333142914e-01 1.319599999999999909e+03 7.592000000000000455e+02
2.000000000000000000e+01 1.600000000000000000e+01 9.999765269886529140e-01 9.999999999999934497e-01 1.379599999999999909e+03 8.030000000000000000e+02
2.000000000000000000e+01 1.700000000000000000e+01 9.999581026482926571e-01 9.999999999999934497e-01 1.394000000000000000e+03 8.030000000000000000e+02
2.000000000000000000e+01 1.800000000000000000e+01 9.999776725379027065e-01 9.999999999999934497e-01 1.408400000000000091e+03 8.030000000000000000e+02
2.000000000000000000e+01 1.900000000000000000e+01 9.999861480333560593e-01 9.999999999999934497e-01 1.422799999999999955e+03 8.030000000000000000e+02
2.000000000000000000e+01 2.000000000000000000e+01 9.999457879405554417e-01 9.999999999999934497e-01 1.437200000000000045e+03 8.030000000000000000e+02
2.000000000000000000e+01 2.100000000000000000e+01 9.999669429412646471e-01 9.999999999999934497e-01 1.451599999999999909e+03 8.030000000000000000e+02
2.000000000000000000e+01 2.200000000000000000e+01 9.999804015642043131e-01 9.999999999999934497e-01 1.466000000000000000e+03 8.030000000000000000e+02
2.000000000000000000e+01 2.300000000000000000e+01 9.999871244361180356e-01 9.999999999999934497e-01 1.480400000000000091e+03 8.030000000000000000e+02
2.000000000000000000e+01 2.400000000000000000e+01 9.999860713545795088e-01 9.999999999999934497e-01 1.494799999999999955e+03 8.030000000000000000e+02
3.000000000000000000e+01 1.000000000000000000e+00 1.261211247521224765e-01 1.261211247521236978e-01 2.000000000000000000e+01 2.000000000000000000e+01
3.000000000000000000e+01 2.000000000000000000e+00 2.302864475740485362e-01 2.805701070991203916e-01 1.084000000000000057e+02 5.939999999999999858e+01
3.000000000000000000e+01 3.000000000000000000e+00 4.008321472250894746e-01 3.931198593532310159e-01 2.270000000000000000e+02 1.215999999999999943e+02
3.000000000000000000e+01 4.000000000000000000e+00 5.993301048372279283e-01 5.035230703547550757e-01 4.243999999999999773e+02 1.790000000000000000e+02
3.000000000000000000e+01 5.000000000000000000e+00 6.531379630023358418e-01 5.843563839149432670e-01 5.223999999999999773e+02 2.973999999999999773e+02
3.000000000000000000e+01 6.000000000000000000e+00 8.002065936099311827e-01 6.649248084387423541e-01 6.347999999999999545e+02 3.891999999999999886e+02
3.000000000000000000e+01 7.000000000000000000e+00 8.278480876215210671e-01 7.369993654115483128e-01 7.627999999999999545e+02 5.058000000000000114e+02
3.000000000000000000e+01 8.000000000000000000e+00 9.060064000446041987e-01 8.089074570574910084e-01 9.076000000000000227e+02 6.232000000000000455e+02
3.000000000000000000e+01 9.000000000000000000e+00 9.211258722453929959e-01 8.413998101293591603e-01 9.557999999999999545e+02 7.017999999999999545e+02
3.000000000000000000e+01 1.000000000000000000e+01 9.418089174607386926e-01 8.737328372432363599e-01 1.004399999999999977e+03 7.907999999999999545e+02
3.000000000000000000e+01 1.100000000000000000e+01 9.507411109690446782e-01 8.977320150217537043e-01 1.053400000000000091e+03 8.687999999999999545e+02
3.000000000000000000e+01 1.200000000000000000e+01 9.742307481006727832e-01 9.189343733961597982e-01 1.102799999999999955e+03 9.552000000000000455e+02
3.000000000000000000e+01 1.300000000000000000e+01 9.832739863254872370e-01 9.375970450533728240e-01 1.152599999999999909e+03 1.042200000000000045e+03
3.000000000000000000e+01 1.400000000000000000e+01 9.891030299067974374e-01 9.525255866737276644e-01 1.202799999999999955e+03 1.133599999999999909e+03
3.000000000000000000e+01 1.500000000000000000e+01 9.956565615963943738e-01 9.649496042998603196e-01 1.253400000000000091e+03 1.247799999999999955e+03
3.000000000000000000e+01 1.600000000000000000e+01 9.991605667212422048e-01 9.784904891753344325e-01 1.304400000000000091e+03 1.262400000000000091e+03
3.000000000000000000e+01 1.700000000000000000e+01 9.995312576207979749e-01 9.819748883755323732e-01 1.310799999999999955e+03 1.300799999999999955e+03
3.000000000000000000e+01 1.800000000000000000e+01 9.998497080131469872e-01 9.853011788937322546e-01 1.317200000000000045e+03 1.320000000000000000e+03
3.000000000000000000e+01 1.900000000000000000e+01 9.998762897164844565e-01 9.881983860381164941e-01 1.323599999999999909e+03 1.339200000000000045e+03
3.000000000000000000e+01 2.000000000000000000e+01 9.999010636097885873e-01 9.909668505961901630e-01 1.330000000000000000e+03 1.358400000000000091e+03
3.000000000000000000e+01 2.100000000000000000e+01 9.999445422084118906e-01 9.928680150966899820e-01 1.336400000000000091e+03 1.377599999999999909e+03
3.000000000000000000e+01 2.200000000000000000e+01 9.999244185649542871e-01 9.943476321375248617e-01 1.342799999999999955e+03 1.396799999999999955e+03
3.000000000000000000e+01 2.300000000000000000e+01 9.999850550887032785e-01 9.957949192612058908e-01 1.349200000000000045e+03 1.416000000000000000e+03
3.000000000000000000e+01 2.400000000000000000e+01 9.999903638959825036e-01 9.971332177661567098e-01 1.355599999999999909e+03 1.435200000000000045e+03
4.000000000000000000e+01 1.000000000000000000e+00 4.678764165445856160e-02 4.678764165445943590e-02 2.000000000000000000e+01 2.000000000000000000e+01
4.000000000000000000e+01 2.000000000000000000e+00 1.186733316275247613e-01 1.048062843523242249e-01 9.320000000000000284e+01 6.940000000000000568e+01
4.000000000000000000e+01 3.000000000000000000e+00 2.060331767184816754e-01 1.621904873843385830e-01 1.815999999999999943e+02 1.338000000000000114e+02
4.000000000000000000e+01 4.000000000000000000e+00 3.677101532513997739e-01 2.275132467644750689e-01 3.203999999999999773e+02 2.150000000000000000e+02
4.000000000000000000e+01 5.000000000000000000e+00 4.305452718105418630e-01 2.945253834993396547e-01 4.141999999999999886e+02 3.066000000000000227e+02
4.000000000000000000e+01 6.000000000000000000e+00 5.448587347460338570e-01 3.672155802751514986e-01 5.180000000000000000e+02 4.091999999999999886e+02
4.000000000000000000e+01 7.000000000000000000e+00 6.409568978116453319e-01 4.495091169668505304e-01 6.317999999999999545e+02 5.417999999999999545e+02
4.000000000000000000e+01 8.000000000000000000e+00 7.731910951517917407e-01 5.604538319295663262e-01 7.556000000000000227e+02 6.776000000000000227e+02
4.000000000000000000e+01 9.000000000000000000e+00 8.172498730534032418e-01 6.079992108182514787e-01 8.243999999999999773e+02 7.732000000000000455e+02
4.000000000000000000e+01 1.000000000000000000e+01 8.379279356552984392e-01 6.605923272224728526e-01 8.963999999999999773e+02 8.736000000000000227e+02
4.000000000000000000e+01 1.100000000000000000e+01 8.691441467800815612e-01 7.100916009761659708e-01 9.716000000000000227e+02 9.812000000000000455e+02
4.000000000000000000e+01 1.200000000000000000e+01 9.043899438507709831e-01 7.592943467427504256e-01 1.050000000000000000e+03 1.096000000000000000e+03
4.000000000000000000e+01 1.300000000000000000e+01 9.153901529067234311e-01 7.935435017872768393e-01 1.131599999999999909e+03 1.218000000000000000e+03
4.000000000000000000e+01 1.400000000000000000e+01 9.344068166643421103e-01 8.262344684891281821e-01 1.216400000000000091e+03 1.347200000000000045e+03
4.000000000000000000e+01 1.500000000000000000e+01 9.562973786510712282e-01 8.614770078180228330e-01 1.304400000000000091e+03 1.483599999999999909e+03
4.000000000000000000e+01 1.600000000000000000e+01 9.775955437498504708e-01 8.951794160220790664e-01 1.395599999999999909e+03 1.627200000000000045e+03
4.000000000000000000e+01 1.700000000000000000e+01 9.816205754162188324e-01 9.084877162453182109e-01 1.421200000000000045e+03 1.665599999999999909e+03
4.000000000000000000e+01 1.800000000000000000e+01 9.860717632566409208e-01 9.229091904387829448e-01 1.446799999999999955e+03 1.704000000000000000e+03
4.000000000000000000e+01 1.900000000000000000e+01 9.872145769065786558e-01 9.346948384976908608e-01 1.472400000000000091e+03 1.742400000000000091e+03
4.000000000000000000e+01 2.000000000000000000e+01 9.896069790396753163e-01 9.459214881137132380e-01 1.498000000000000000e+03 1.780799999999999955e+03
4.000000000000000000e+01 2.100000000000000000e+01 9.912018277562768542e-01 9.556843379066808364e-01 1.523599999999999909e+03 1.819200000000000045e+03
4.000000000000000000e+01 2.200000000000000000e+01 9.928264268186127728e-01 9.646231385752834786e-01 1.549200000000000045e+03 1.857599999999999909e+03
4.000000000000000000e+01 2.300000000000000000e+01 9.943339613232569096e-01 9.723826391944067060e-01 1.574799999999999955e+03 1.896000000000000000e+03
4.000000000000000000e+01 2.400000000000000000e+01 9.950544375993132240e-01 9.795703219327702715e-01 1.600400000000000091e+03 1.934400000000000091e+03
5.000000000000000000e+01 1.000000000000000000e+00 3.080692228133314822e-02 3.080692228133370333e-02 2.000000000000000000e+01 2.000000000000000000e+01
5.000000000000000000e+01 2.000000000000000000e+00 1.068394001754828376e-01 7.170449683949937925e-02 8.679999999999999716e+01 6.779999999999999716e+01
5.000000000000000000e+01 3.000000000000000000e+00 1.470089898243677751e-01 1.074429390676112650e-01 1.681999999999999886e+02 1.380000000000000000e+02
5.000000000000000000e+01 4.000000000000000000e+00 2.109312478222087894e-01 1.632336330310751038e-01 2.971999999999999886e+02 2.295999999999999943e+02
5.000000000000000000e+01 5.000000000000000000e+00 2.461479548932780648e-01 1.813178003234677260e-01 3.888000000000000114e+02 3.158000000000000114e+02
5.000000000000000000e+01 6.000000000000000000e+00 3.102591753044824374e-01 2.322567217267318129e-01 4.923999999999999773e+02 4.176000000000000227e+02
5.000000000000000000e+01 7.000000000000000000e+00 3.682791313818357670e-01 2.993570975811477575e-01 6.080000000000000000e+02 5.350000000000000000e+02
5.000000000000000000e+01 8.000000000000000000e+00 4.529033768202027632e-01 3.617265107474007535e-01 7.356000000000000227e+02 6.680000000000000000e+02
5.000000000000000000e+01 9.000000000000000000e+00 5.016468094346373530e-01 4.210394684476561622e-01 8.146000000000000227e+02 7.620000000000000000e+02
5.000000000000000000e+01 1.000000000000000000e+01 5.394754340890886013e-01 4.776636483404530509e-01 8.963999999999999773e+02 8.687999999999999545e+02
5.000000000000000000e+01 1.100000000000000000e+01 5.763688916600538947e-01 5.321404365161491734e-01 9.810000000000000000e+02 9.806000000000000227e+02
5.000000000000000000e+01 1.200000000000000000e+01 6.376698767443410576e-01 5.954130256401342081e-01 1.068400000000000091e+03 1.128000000000000000e+03
5.000000000000000000e+01 1.300000000000000000e+01 6.771165256019470169e-01 6.438773470795402520e-01 1.158599999999999909e+03 1.260000000000000000e+03
5.000000000000000000e+01 1.400000000000000000e+01 7.287980196104576480e-01 7.027437321169353046e-01 1.251599999999999909e+03 1.400000000000000000e+03
5.000000000000000000e+01 1.500000000000000000e+01 7.708481181904641710e-01 7.603418203019940425e-01 1.347400000000000091e+03 1.548000000000000000e+03
5.000000000000000000e+01 1.600000000000000000e+01 8.233450756727187514e-01 8.242167046123973773e-01 1.446000000000000000e+03 1.704000000000000000e+03
5.000000000000000000e+01 1.700000000000000000e+01 8.466741367703184418e-01 8.420271362696961637e-01 1.484400000000000091e+03 1.755200000000000045e+03
5.000000000000000000e+01 1.800000000000000000e+01 8.651952647544730590e-01 8.599959507007787218e-01 1.522799999999999955e+03 1.806400000000000091e+03
5.000000000000000000e+01 1.900000000000000000e+01 8.848091270786465623e-01 8.769119311853600385e-01 1.561200000000000045e+03 1.857599999999999909e+03
5.000000000000000000e+01 2.000000000000000000e+01 8.997000565828052743e-01 8.961081483954096427e-01 1.599599999999999909e+03 1.908799999999999955e+03
5.000000000000000000e+01 2.100000000000000000e+01 9.135033022248248979e-01 9.099604076634223437e-01 1.638000000000000000e+03 1.960000000000000000e+03
5.000000000000000000e+01 2.200000000000000000e+01 9.279729080167378186e-01 9.266607603730347975e-01 1.676400000000000091e+03 2.011200000000000045e+03
5.000000000000000000e+01 2.300000000000000000e+01 9.426548536111678533e-01 9.415673772918680129e-01 1.714799999999999955e+03 2.062400000000000091e+03
5.000000000000000000e+01 2.400000000000000000e+01 9.534174866359697020e-01 9.561634470646598327e-01 1.753200000000000045e+03 2.113599999999999909e+03
6.000000000000000000e+01 1.000000000000000000e+00 6.671248087085674891e-03 6.671248087085850098e-03 2.000000000000000000e+01 2.000000000000000000e+01
6.000000000000000000e+01 2.000000000000000000e+00 1.308347755972029056e-02 1.404122882572403710e-02 1.100000000000000000e+02 6.239999999999999858e+01
6.000000000000000000e+01 3.000000000000000000e+00 5.059057330843987760e-02 2.712760955145563854e-02 1.830000000000000000e+02 1.328000000000000114e+02
6.000000000000000000e+01 4.000000000000000000e+00 8.248884128408326410e-02 4.619406152884035499e-02 2.748000000000000114e+02 2.061999999999999886e+02
6.000000000000000000e+01 5.000000000000000000e+00 1.213479608319939784e-01 5.979086356674186142e-02 3.690000000000000000e+02 3.143999999999999773e+02
6.000000000000000000e+01 6.000000000000000000e+00 1.504744321610639868e-01 9.663982272446658417e-02 4.771999999999999886e+02 4.160000000000000000e+02
6.000000000000000000e+01 7.000000000000000000e+00 1.809980638398115127e-01 1.260551485391873949e-01 5.993999999999999773e+02 5.327999999999999545e+02
6.000000000000000000e+01 8.000000000000000000e+00 2.459549923354203416e-01 1.591118933306124306e-01 7.356000000000000227e+02 6.656000000000000227e+02
6.000000000000000000e+01 9.000000000000000000e+00 2.517036906863762691e-01 1.945909232964392055e-01 8.106000000000000227e+02 7.646000000000000227e+02
6.000000000000000000e+01 1.000000000000000000e+01 2.985300841341221312e-01 2.326895507162874688e-01 8.883999999999999773e+02 8.687999999999999545e+02
6.000000000000000000e+01 1.100000000000000000e+01 3.451687386239459809e-01 2.786828864539999673e-01 9.690000000000000000e+02 9.806000000000000227e+02
6.000000000000000000e+01 1.200000000000000000e+01 3.856675667427754695e-01 3.309513632876791012e-01 1.052400000000000091e+03 1.100000000000000000e+03
6.000000000000000000e+01 1.300000000000000000e+01 4.459002355043921173e-01 3.810735419170110383e-01 1.138599999999999909e+03 1.227000000000000000e+03
6.000000000000000000e+01 1.400000000000000000e+01 4.945131551355694266e-01 4.418790661205419523e-01 1.227599999999999909e+03 1.361599999999999909e+03
6.000000000000000000e+01 1.500000000000000000e+01 5.515051825823279463e-01 5.163847453250183239e-01 1.319400000000000091e+03 1.503799999999999955e+03
6.000000000000000000e+01 1.600000000000000000e+01 6.197828204805361230e-01 6.034187276023879054e-01 1.414000000000000000e+03 1.653599999999999909e+03
6.000000000000000000e+01 1.700000000000000000e+01 6.638503019599795163e-01 6.352022159933488066e-01 1.433200000000000045e+03 1.711200000000000045e+03
6.000000000000000000e+01 1.800000000000000000e+01 7.017272819102811088e-01 6.719797987909553738e-01 1.452400000000000091e+03 1.768799999999999955e+03
6.000000000000000000e+01 1.900000000000000000e+01 7.433245337858314095e-01 7.103584887627113487e-01 1.471599999999999909e+03 1.826400000000000091e+03
6.000000000000000000e+01 2.000000000000000000e+01 7.796953280536103037e-01 7.473161546445237224e-01 1.490799999999999955e+03 1.884000000000000000e+03
6.000000000000000000e+01 2.100000000000000000e+01 8.013569864962797329e-01 7.836301365206250757e-01 1.510000000000000000e+03 1.941599999999999909e+03
6.000000000000000000e+01 2.200000000000000000e+01 8.316724779944330015e-01 8.216551379483311157e-01 1.529200000000000045e+03 1.999200000000000045e+03
6.000000000000000000e+01 2.300000000000000000e+01 8.544682082818189084e-01 8.559693901097915614e-01 1.548400000000000091e+03 2.056800000000000182e+03
6.000000000000000000e+01 2.400000000000000000e+01 8.733282550708434400e-01 8.888773460747241284e-01 1.567599999999999909e+03 2.114400000000000091e+03
7.000000000000000000e+01 1.000000000000000000e+00 4.171847373759111563e-03 4.171847373759176615e-03 2.000000000000000000e+01 2.000000000000000000e+01
7.000000000000000000e+01 2.000000000000000000e+00 5.864923630220532196e-03 1.045239060817416098e-02 8.600000000000000000e+01 6.060000000000000142e+01
7.000000000000000000e+01 3.000000000000000000e+00 1.234901053778985312e-02 1.683640220436239884e-02 1.645999999999999943e+02 1.308000000000000114e+02
7.000000000000000000e+01 4.000000000000000000e+00 1.477032183620179476e-02 2.275095710225235462e-02 2.788000000000000114e+02 2.110000000000000000e+02
7.000000000000000000e+01 5.000000000000000000e+00 3.302310785618956662e-02 2.895663849878544679e-02 3.693999999999999773e+02 3.126000000000000227e+02
7.000000000000000000e+01 6.000000000000000000e+00 4.218607571171596737e-02 4.136347527387267131e-02 4.731999999999999886e+02 4.200000000000000000e+02
7.000000000000000000e+01 7.000000000000000000e+00 5.782925429351724878e-02 6.204970727448975293e-02 5.902000000000000455e+02 5.440000000000000000e+02
7.000000000000000000e+01 8.000000000000000000e+00 9.152736022856847176e-02 7.212359705852955383e-02 7.203999999999999773e+02 6.800000000000000000e+02
7.000000000000000000e+01 9.000000000000000000e+00 1.233998462558964365e-01 9.523924263014652003e-02 8.013999999999999773e+02 7.800000000000000000e+02
7.000000000000000000e+01 1.000000000000000000e+01 1.529508212840808012e-01 1.283321092939256891e-01 8.843999999999999773e+02 8.880000000000000000e+02
7.000000000000000000e+01 1.100000000000000000e+01 1.985770102237704449e-01 1.514373246025447206e-01 9.693999999999999773e+02 1.004000000000000000e+03
7.000000000000000000e+01 1.200000000000000000e+01 2.445717613606805119e-01 1.884579527413210720e-01 1.056400000000000091e+03 1.128000000000000000e+03
7.000000000000000000e+01 1.300000000000000000e+01 3.031302785780791154e-01 2.312909153649479743e-01 1.145400000000000091e+03 1.260000000000000000e+03
7.000000000000000000e+01 1.400000000000000000e+01 3.623019622152791053e-01 2.763854860094338006e-01 1.236400000000000091e+03 1.400000000000000000e+03
7.000000000000000000e+01 1.500000000000000000e+01 4.446112708153774906e-01 3.409957404755051824e-01 1.329400000000000091e+03 1.548000000000000000e+03
7.000000000000000000e+01 1.600000000000000000e+01 5.325357194697178942e-01 4.186055005313639166e-01 1.424400000000000091e+03 1.704000000000000000e+03
7.000000000000000000e+01 1.700000000000000000e+01 5.697300083871436049e-01 4.548180464701515602e-01 1.450000000000000000e+03 1.768000000000000000e+03
7.000000000000000000e+01 1.800000000000000000e+01 6.040787058346236416e-01 5.024097440140348203e-01 1.475599999999999909e+03 1.832000000000000000e+03
7.000000000000000000e+01 1.900000000000000000e+01 6.348277544015885621e-01 5.517826826946176100e-01 1.501200000000000045e+03 1.896000000000000000e+03
7.000000000000000000e+01 2.000000000000000000e+01 6.742450821075871570e-01 5.990346323478569213e-01 1.526799999999999955e+03 1.960000000000000000e+03
7.000000000000000000e+01 2.100000000000000000e+01 7.042046402530595106e-01 6.490009975660976371e-01 1.552400000000000091e+03 2.024000000000000000e+03
7.000000000000000000e+01 2.200000000000000000e+01 7.397440199866085475e-01 7.014170904024982223e-01 1.578000000000000000e+03 2.088000000000000000e+03
7.000000000000000000e+01 2.300000000000000000e+01 7.719401925617020988e-01 7.514993632000928070e-01 1.603599999999999909e+03 2.152000000000000000e+03
7.000000000000000000e+01 2.400000000000000000e+01 8.053791369560603375e-01 8.036535236772165414e-01 1.629200000000000045e+03 2.216000000000000000e+03
8.000000000000000000e+01 1.000000000000000000e+00 2.734610051737532826e-03 2.734610051737613057e-03 2.000000000000000000e+01 2.000000000000000000e+01
8.000000000000000000e+01 2.000000000000000000e+00 4.233514951888552209e-03 5.028567982805520406e-03 8.640000000000000568e+01 6.779999999999999716e+01
8.000000000000000000e+01 3.000000000000000000e+00 7.943255389346948539e-03 8.097666329241724054e-03 1.594000000000000057e+02 1.344000000000000057e+02
8.000000000000000000e+01 4.000000000000000000e+00 1.303101140799903766e-02 1.324856348316404489e-02 2.631999999999999886e+02 2.194000000000000057e+02
8.000000000000000000e+01 5.000000000000000000e+00 1.879520780963850335e-02 1.666704744584211056e-02 3.496000000000000227e+02 3.186000000000000227e+02
8.000000000000000000e+01 6.000000000000000000e+00 2.758730901740393329e-02 2.640050785700944619e-02 4.488000000000000114e+02 4.240000000000000000e+02
8.000000000000000000e+01 7.000000000000000000e+00 4.666729797553315073e-02 3.659874321894121540e-02 5.607999999999999545e+02 5.440000000000000000e+02
8.000000000000000000e+01 8.000000000000000000e+00 6.568702586505412166e-02 5.116011324203726535e-02 6.856000000000000227e+02 6.800000000000000000e+02
8.000000000000000000e+01 9.000000000000000000e+00 8.779543959372000661e-02 6.163615448154154131e-02 7.686000000000000227e+02 7.800000000000000000e+02
8.000000000000000000e+01 1.000000000000000000e+01 1.043681594538609370e-01 8.103628658956073261e-02 8.543999999999999773e+02 8.880000000000000000e+02
8.000000000000000000e+01 1.100000000000000000e+01 1.256449942128473607e-01 1.010419285532826034e-01 9.430000000000000000e+02 1.004000000000000000e+03
8.000000000000000000e+01 1.200000000000000000e+01 1.585352293061334239e-01 1.350597832633521067e-01 1.034400000000000091e+03 1.128000000000000000e+03
8.000000000000000000e+01 1.300000000000000000e+01 2.031852200417183507e-01 1.664943463983361016e-01 1.128599999999999909e+03 1.260000000000000000e+03
8.000000000000000000e+01 1.400000000000000000e+01 2.511189716641227809e-01 2.065439097897084630e-01 1.225599999999999909e+03 1.400000000000000000e+03
8.000000000000000000e+01 1.500000000000000000e+01 3.135452140358166995e-01 2.641026893480084015e-01 1.325400000000000091e+03 1.548000000000000000e+03
8.000000000000000000e+01 1.600000000000000000e+01 3.903544001523058804e-01 3.272650984174574340e-01 1.428000000000000000e+03 1.704000000000000000e+03
8.000000000000000000e+01 1.700000000000000000e+01 4.307764227437653193e-01 3.731886819415056733e-01 1.453599999999999909e+03 1.768000000000000000e+03
8.000000000000000000e+01 1.800000000000000000e+01 4.694522343707009382e-01 4.212820307883370918e-01 1.479200000000000045e+03 1.832000000000000000e+03
8.000000000000000000e+01 1.900000000000000000e+01 5.133177392326186972e-01 4.708538320252443898e-01 1.504799999999999955e+03 1.896000000000000000e+03
8.000000000000000000e+01 2.000000000000000000e+01 5.568379028344144777e-01 5.291496544836773452e-01 1.530400000000000091e+03 1.960000000000000000e+03
8.000000000000000000e+01 2.100000000000000000e+01 5.945119692836887682e-01 5.893271515950908590e-01 1.556000000000000000e+03 2.024000000000000000e+03
8.000000000000000000e+01 2.200000000000000000e+01 6.386531987826182810e-01 6.517676629349591355e-01 1.581599999999999909e+03 2.088000000000000000e+03
8.000000000000000000e+01 2.300000000000000000e+01 6.802345294563756362e-01 7.149803017276991079e-01 1.607200000000000045e+03 2.152000000000000000e+03
8.000000000000000000e+01 2.400000000000000000e+01 7.257038143222158677e-01 7.784914161206994976e-01 1.632799999999999955e+03 2.216000000000000000e+03
9.000000000000000000e+01 1.000000000000000000e+00 1.005713119357257461e-03 1.005713119357291721e-03 2.000000000000000000e+01 2.000000000000000000e+01
9.000000000000000000e+01 2.000000000000000000e+00 1.542885059940564147e-03 1.812488193075940338e-03 8.400000000000000000e+01 6.459999999999999432e+01
9.000000000000000000e+01 3.000000000000000000e+00 3.098575745793180798e-03 2.313506832384308078e-03 1.535999999999999943e+02 1.275999999999999943e+02
9.000000000000000000e+01 4.000000000000000000e+00 5.123430558070548105e-03 2.695416755595363145e-03 2.488000000000000114e+02 2.200000000000000000e+02
9.000000000000000000e+01 5.000000000000000000e+00 7.646585568358459269e-03 6.755822422846025424e-03 3.338000000000000114e+02 3.186000000000000227e+02
9.000000000000000000e+01 6.000000000000000000e+00 9.289626986122911240e-03 6.989535774263359869e-03 4.320000000000000000e+02 4.240000000000000000e+02
9.000000000000000000e+01 7.000000000000000000e+00 1.447776113458495648e-02 1.562843496832234252e-02 5.433999999999999773e+02 5.440000000000000000e+02
9.000000000000000000e+01 8.000000000000000000e+00 2.214229416423505251e-02 2.275619092433299462e-02 6.680000000000000000e+02 6.800000000000000000e+02
9.000000000000000000e+01 9.000000000000000000e+00 2.982744929986546126e-02 2.801721851615297104e-02 7.550000000000000000e+02 7.800000000000000000e+02
9.000000000000000000e+01 1.000000000000000000e+01 4.303989939651506336e-02 4.151083888068853034e-02 8.463999999999999773e+02 8.880000000000000000e+02
9.000000000000000000e+01 1.100000000000000000e+01 5.183141324889459917e-02 4.942035377036085864e-02 9.422000000000000455e+02 1.004000000000000000e+03
9.000000000000000000e+01 1.200000000000000000e+01 6.738599469666076147e-02 6.479928994236203166e-02 1.042400000000000091e+03 1.128000000000000000e+03
9.000000000000000000e+01 1.300000000000000000e+01 9.173690929846048392e-02 8.009382424359838548e-02 1.147000000000000000e+03 1.260000000000000000e+03
9.000000000000000000e+01 1.400000000000000000e+01 1.225138681927798318e-01 1.057670097761647110e-01 1.256000000000000000e+03 1.400000000000000000e+03
9.000000000000000000e+01 1.500000000000000000e+01 1.536464743021674073e-01 1.343872297306284991e-01 1.369400000000000091e+03 1.548000000000000000e+03
9.000000000000000000e+01 1.600000000000000000e+01 2.160243449710122776e-01 1.840617959495877698e-01 1.487200000000000045e+03 1.704000000000000000e+03
9.000000000000000000e+01 1.700000000000000000e+01 2.495805878940011713e-01 2.157196132741255323e-01 1.525599999999999909e+03 1.768000000000000000e+03
9.000000000000000000e+01 1.800000000000000000e+01 2.840072811008029219e-01 2.531848804000557118e-01 1.564000000000000000e+03 1.832000000000000000e+03
9.000000000000000000e+01 1.900000000000000000e+01 3.296595356630249718e-01 2.984839573625819309e-01 1.602400000000000091e+03 1.896000000000000000e+03
9.000000000000000000e+01 2.000000000000000000e+01 3.696365119903550767e-01 3.538929845376889705e-01 1.640799999999999955e+03 1.960000000000000000e+03
9.000000000000000000e+01 2.100000000000000000e+01 4.145198306101696706e-01 4.121140699717650291e-01 1.679200000000000045e+03 2.024000000000000000e+03
9.000000000000000000e+01 2.200000000000000000e+01 4.682231514224593494e-01 4.820569069304060927e-01 1.717599999999999909e+03 2.088000000000000000e+03
9.000000000000000000e+01 2.300000000000000000e+01 5.177770891172799317e-01 5.622256118432489291e-01 1.756000000000000000e+03 2.152000000000000000e+03
9.000000000000000000e+01 2.400000000000000000e+01 5.777582060623686067e-01 6.507524036023422109e-01 1.794400000000000091e+03 2.216000000000000000e+03
1.000000000000000000e+02 1.000000000000000000e+00 5.225692499260518225e-04 5.225692499260698202e-04 2.000000000000000000e+01 2.000000000000000000e+01
1.000000000000000000e+02 2.000000000000000000e+00 1.143799669644038602e-03 8.263306138496656628e-04 8.200000000000000000e+01 5.779999999999999716e+01
1.000000000000000000e+02 3.000000000000000000e+00 1.518732523863483693e-03 1.728594751606049498e-03 1.538000000000000114e+02 1.325999999999999943e+02
1.000000000000000000e+02 4.000000000000000000e+00 3.010553924718475851e-03 2.349308038878591791e-03 2.563999999999999773e+02 2.308000000000000114e+02
1.000000000000000000e+02 5.000000000000000000e+00 4.739939831062363329e-03 3.519858060147912967e-03 3.401999999999999886e+02 3.200000000000000000e+02
1.000000000000000000e+02 6.000000000000000000e+00 5.717959925745394294e-03 5.068550215462345673e-03 4.363999999999999773e+02 4.240000000000000000e+02
1.000000000000000000e+02 7.000000000000000000e+00 8.944813700232581363e-03 6.331486809573796774e-03 5.450000000000000000e+02 5.440000000000000000e+02
1.000000000000000000e+02 8.000000000000000000e+00 1.420224433626552339e-02 9.754958895352943901e-03 6.660000000000000000e+02 6.800000000000000000e+02
1.000000000000000000e+02 9.000000000000000000e+00 1.890044401078561087e-02 1.726578289844277192e-02 7.512000000000000455e+02 7.800000000000000000e+02
1.000000000000000000e+02 1.000000000000000000e+01 2.447743044999795350e-02 2.177724474530492657e-02 8.403999999999999773e+02 8.880000000000000000e+02
1.000000000000000000e+02 1.100000000000000000e+01 2.998700608349290711e-02 2.627065036736586645e-02 9.336000000000000227e+02 1.004000000000000000e+03
1.000000000000000000e+02 1.200000000000000000e+01 5.345028245402335537e-02 3.889596713386001686e-02 1.030799999999999955e+03 1.128000000000000000e+03
1.000000000000000000e+02 1.300000000000000000e+01 6.759650802587371943e-02 4.829312396538318342e-02 1.132000000000000000e+03 1.260000000000000000e+03
1.000000000000000000e+02 1.400000000000000000e+01 8.866363393675799620e-02 7.135395941692813937e-02 1.237200000000000045e+03 1.400000000000000000e+03
1.000000000000000000e+02 1.500000000000000000e+01 1.239497082851133553e-01 1.034175927321447641e-01 1.346400000000000091e+03 1.548000000000000000e+03
1.000000000000000000e+02 1.600000000000000000e+01 1.924487940220926119e-01 1.567631710305833204e-01 1.459599999999999909e+03 1.704000000000000000e+03
1.000000000000000000e+02 1.700000000000000000e+01 2.226277143942675951e-01 1.860705824314509427e-01 1.503000000000000000e+03 1.768000000000000000e+03
1.000000000000000000e+02 1.800000000000000000e+01 2.533814922209479126e-01 2.213179860125497334e-01 1.546799999999999955e+03 1.832000000000000000e+03
1.000000000000000000e+02 1.900000000000000000e+01 2.927661400106257306e-01 2.685476791820312625e-01 1.591000000000000000e+03 1.896000000000000000e+03
1.000000000000000000e+02 2.000000000000000000e+01 3.314180531283633657e-01 3.240162090627334290e-01 1.635599999999999909e+03 1.960000000000000000e+03
1.000000000000000000e+02 2.100000000000000000e+01 3.702123594436551035e-01 3.853287532124667902e-01 1.680599999999999909e+03 2.024000000000000000e+03
1.000000000000000000e+02 2.200000000000000000e+01 4.192796418109550061e-01 4.564087277404147436e-01 1.726000000000000000e+03 2.088000000000000000e+03
1.000000000000000000e+02 2.300000000000000000e+01 4.683147555965457842e-01 5.345971771989231902e-01 1.771799999999999955e+03 2.152000000000000000e+03
1.000000000000000000e+02 2.400000000000000000e+01 5.253047663538071843e-01 6.176900607091754258e-01 1.818000000000000000e+03 2.216000000000000000e+03
1.100000000000000000e+02 1.000000000000000000e+00 5.952077435265031111e-04 5.952077435265354204e-04 2.000000000000000000e+01 2.000000000000000000e+01
1.100000000000000000e+02 2.000000000000000000e+00 7.106162996281505930e-04 6.933620372284828763e-04 9.359999999999999432e+01 6.540000000000000568e+01
1.100000000000000000e+02 3.000000000000000000e+00 1.468906251682089090e-03 1.238151291101152783e-03 1.765999999999999943e+02 1.304000000000000057e+02
1.100000000000000000e+02 4.000000000000000000e+00 2.749769663613991447e-03 1.915810946183085870e-03 2.943999999999999773e+02 2.145999999999999943e+02
1.100000000000000000e+02 5.000000000000000000e+00 5.860495058257628176e-03 4.527952389372110094e-03 3.928000000000000114e+02 3.143999999999999773e+02
1.100000000000000000e+02 6.000000000000000000e+00 9.506369721224866912e-03 4.700233799040972119e-03 5.056000000000000227e+02 4.240000000000000000e+02
1.100000000000000000e+02 7.000000000000000000e+00 1.287414917961201243e-02 6.887830391069786964e-03 6.327999999999999545e+02 5.417999999999999545e+02
1.100000000000000000e+02 8.000000000000000000e+00 2.685534572080515783e-02 1.091280822015569009e-02 7.743999999999999773e+02 6.800000000000000000e+02
1.100000000000000000e+02 9.000000000000000000e+00 4.316922768574957270e-02 1.520538200254508907e-02 8.432000000000000455e+02 7.800000000000000000e+02
1.100000000000000000e+02 1.000000000000000000e+01 5.673780920816656748e-02 1.930564073028916833e-02 9.152000000000000455e+02 8.880000000000000000e+02
1.100000000000000000e+02 1.100000000000000000e+01 8.093052628589970932e-02 2.411700371340781343e-02 9.903999999999999773e+02 1.004000000000000000e+03
1.100000000000000000e+02 1.200000000000000000e+01 1.082788731284251432e-01 2.981101611132278006e-02 1.068799999999999955e+03 1.128000000000000000e+03
1.100000000000000000e+02 1.300000000000000000e+01 1.433609993362921775e-01 4.281917830923179236e-02 1.150400000000000091e+03 1.260000000000000000e+03
1.100000000000000000e+02 1.400000000000000000e+01 1.880268724637217392e-01 5.745111888674227923e-02 1.235200000000000045e+03 1.400000000000000000e+03
1.100000000000000000e+02 1.500000000000000000e+01 2.517965313374204150e-01 8.081688512766027621e-02 1.323200000000000045e+03 1.548000000000000000e+03
1.100000000000000000e+02 1.600000000000000000e+01 3.348836305116220657e-01 1.350982336563176511e-01 1.414400000000000091e+03 1.704000000000000000e+03
1.100000000000000000e+02 1.700000000000000000e+01 3.485787604795597128e-01 1.592241965855413499e-01 1.446400000000000091e+03 1.768000000000000000e+03
1.100000000000000000e+02 1.800000000000000000e+01 3.704005902833769071e-01 1.876944334045298479e-01 1.478400000000000091e+03 1.832000000000000000e+03
1.100000000000000000e+02 1.900000000000000000e+01 3.928836263937664497e-01 2.248749644179152685e-01 1.510400000000000091e+03 1.896000000000000000e+03
1.100000000000000000e+02 2.000000000000000000e+01 4.187773667186662219e-01 2.620159132779430466e-01 1.542400000000000091e+03 1.960000000000000000e+03
1.100000000000000000e+02 2.100000000000000000e+01 4.471422278511970605e-01 3.146986468650025404e-01 1.574400000000000091e+03 2.024000000000000000e+03
1.100000000000000000e+02 2.200000000000000000e+01 4.831220729534159153e-01 3.747196318111628566e-01 1.606400000000000091e+03 2.088000000000000000e+03
1.100000000000000000e+02 2.300000000000000000e+01 5.164688559914177857e-01 4.558395959148708876e-01 1.638400000000000091e+03 2.152000000000000000e+03
1.100000000000000000e+02 2.400000000000000000e+01 5.562015171593518437e-01 5.443089657443074270e-01 1.670400000000000091e+03 2.216000000000000000e+03
1.200000000000000000e+02 1.000000000000000000e+00 2.081925652978600105e-04 2.081925652978641305e-04 2.000000000000000000e+01 2.000000000000000000e+01
1.200000000000000000e+02 2.000000000000000000e+00 2.873396513736621019e-04 5.024843237627286312e-04 8.400000000000000000e+01 6.420000000000000284e+01
1.200000000000000000e+02 3.000000000000000000e+00 4.775459623019564994e-04 5.290794406969845549e-04 1.615999999999999943e+02 1.340000000000000000e+02
1.200000000000000000e+02 4.000000000000000000e+00 5.870871025315242036e-04 6.880454644508880984e-04 2.816000000000000227e+02 2.248000000000000114e+02
1.200000000000000000e+02 5.000000000000000000e+00 1.083421320688968863e-03 5.367405974825093917e-04 3.761999999999999886e+02 3.186000000000000227e+02
1.200000000000000000e+02 6.000000000000000000e+00 1.642306016874042372e-03 1.060955519833121788e-03 4.856000000000000227e+02 4.176000000000000227e+02
1.200000000000000000e+02 7.000000000000000000e+00 3.765899843978288367e-03 1.277230227777324204e-03 6.097999999999999545e+02 5.440000000000000000e+02
1.200000000000000000e+02 8.000000000000000000e+00 6.239770544282199558e-03 2.567027404530299820e-03 7.487999999999999545e+02 6.800000000000000000e+02
1.200000000000000000e+02 9.000000000000000000e+00 1.015494903813255953e-02 3.815945217667500618e-03 8.182000000000000455e+02 7.800000000000000000e+02
1.200000000000000000e+02 1.000000000000000000e+01 1.582964497517592301e-02 4.136718375214488985e-03 8.887999999999999545e+02 8.880000000000000000e+02
1.200000000000000000e+02 1.100000000000000000e+01 2.848641318240475312e-02 5.213098743207181772e-03 9.606000000000000227e+02 1.004000000000000000e+03
1.200000000000000000e+02 1.200000000000000000e+01 3.890843831465527758e-02 8.707414965766083551e-03 1.033599999999999909e+03 1.128000000000000000e+03
1.200000000000000000e+02 1.300000000000000000e+01 6.551907782441300510e-02 1.273556028780207031e-02 1.107799999999999955e+03 1.260000000000000000e+03
1.200000000000000000e+02 1.400000000000000000e+01 8.939605062381873746e-02 2.058533618659962386e-02 1.183200000000000045e+03 1.400000000000000000e+03
1.200000000000000000e+02 1.500000000000000000e+01 1.343194181911380181e-01 3.180465064755001042e-02 1.259799999999999955e+03 1.548000000000000000e+03
1.200000000000000000e+02 1.600000000000000000e+01 1.944902679886429675e-01 4.843978171886435119e-02 1.337599999999999909e+03 1.704000000000000000e+03
1.200000000000000000e+02 1.700000000000000000e+01 2.110263461623965442e-01 6.599236496430928300e-02 1.369599999999999909e+03 1.768000000000000000e+03
1.200000000000000000e+02 1.800000000000000000e+01 2.306368062847536371e-01 9.063330389598220349e-02 1.401599999999999909e+03 1.832000000000000000e+03
1.200000000000000000e+02 1.900000000000000000e+01 2.643742389177764496e-01 1.253816178214955945e-01 1.433599999999999909e+03 1.896000000000000000e+03
1.200000000000000000e+02 2.000000000000000000e+01 2.874536733441159231e-01 1.667380108873210143e-01 1.465599999999999909e+03 1.960000000000000000e+03
1.200000000000000000e+02 2.100000000000000000e+01 3.226493493062250195e-01 2.245625914920577060e-01 1.497599999999999909e+03 2.024000000000000000e+03
1.200000000000000000e+02 2.200000000000000000e+01 3.613100105367656467e-01 2.925146795977237035e-01 1.529599999999999909e+03 2.088000000000000000e+03
1.200000000000000000e+02 2.300000000000000000e+01 4.074192060962195105e-01 3.893550352102123080e-01 1.561599999999999909e+03 2.152000000000000000e+03
1.200000000000000000e+02 2.400000000000000000e+01 4.575503512640500814e-01 4.892685028936386016e-01 1.593599999999999909e+03 2.216000000000000000e+03
1.300000000000000000e+02 1.000000000000000000e+00 5.711739362534195202e-05 5.711739362534988025e-05 2.000000000000000000e+01 2.000000000000000000e+01
1.300000000000000000e+02 2.000000000000000000e+00 8.225007236871050497e-05 1.711843376558498740e-04 9.479999999999999716e+01 6.640000000000000568e+01
1.300000000000000000e+02 3.000000000000000000e+00 2.885585715635504062e-04 1.237062843932279456e-04 1.690000000000000000e+02 1.308000000000000114e+02
1.300000000000000000e+02 4.000000000000000000e+00 3.391446460046200137e-04 3.868321679841448630e-04 2.708000000000000114e+02 2.151999999999999886e+02
1.300000000000000000e+02 5.000000000000000000e+00 3.549132361421413178e-04 3.307639827057685705e-04 3.498000000000000114e+02 3.163999999999999773e+02
1.300000000000000000e+02 6.000000000000000000e+00 7.352991434953542928e-04 9.209271392463717985e-04 4.380000000000000000e+02 4.240000000000000000e+02
1.300000000000000000e+02 7.000000000000000000e+00 1.049056339031277044e-03 8.873827429603173278e-04 5.353999999999999773e+02 5.440000000000000000e+02
1.300000000000000000e+02 8.000000000000000000e+00 1.214695716180554542e-03 8.257796948450127003e-04 6.420000000000000000e+02 6.800000000000000000e+02
1.300000000000000000e+02 9.000000000000000000e+00 1.304587763232139446e-03 1.402667784992160920e-03 7.217999999999999545e+02 7.800000000000000000e+02
1.300000000000000000e+02 1.000000000000000000e+01 3.643615597814532474e-03 1.983625801769244024e-03 8.043999999999999773e+02 8.880000000000000000e+02
1.300000000000000000e+02 1.100000000000000000e+01 6.844987078267551588e-03 3.523409655381561003e-03 8.897999999999999545e+02 1.004000000000000000e+03
1.300000000000000000e+02 1.200000000000000000e+01 1.225321874380794727e-02 4.089076157622864062e-03 9.780000000000000000e+02 1.128000000000000000e+03
1.300000000000000000e+02 1.300000000000000000e+01 1.957831688404753495e-02 6.873133769619307540e-03 1.069000000000000000e+03 1.260000000000000000e+03
1.300000000000000000e+02 1.400000000000000000e+01 3.325633703579252559e-02 1.224293260215712949e-02 1.162799999999999955e+03 1.400000000000000000e+03
1.300000000000000000e+02 1.500000000000000000e+01 6.488672333588239860e-02 2.466065888469132911e-02 1.259400000000000091e+03 1.548000000000000000e+03
1.300000000000000000e+02 1.600000000000000000e+01 1.349870167345708083e-01 3.540652311434499405e-02 1.358799999999999955e+03 1.704000000000000000e+03
1.300000000000000000e+02 1.700000000000000000e+01 1.567661026620502385e-01 5.228096913570434712e-02 1.397200000000000045e+03 1.768000000000000000e+03
1.300000000000000000e+02 1.800000000000000000e+01 1.801935112987994581e-01 6.133545150843418975e-02 1.435599999999999909e+03 1.832000000000000000e+03
1.300000000000000000e+02 1.900000000000000000e+01 2.051843781052092586e-01 8.619430405149511309e-02 1.474000000000000000e+03 1.896000000000000000e+03
1.300000000000000000e+02 2.000000000000000000e+01 2.318611038045557127e-01 1.179850895762953600e-01 1.512400000000000091e+03 1.960000000000000000e+03
1.300000000000000000e+02 2.100000000000000000e+01 2.658426416797149971e-01 1.647854212939851570e-01 1.550799999999999955e+03 2.024000000000000000e+03
1.300000000000000000e+02 2.200000000000000000e+01 3.049725973022981984e-01 2.273803664548853243e-01 1.589200000000000045e+03 2.088000000000000000e+03
1.300000000000000000e+02 2.300000000000000000e+01 3.471474482745415258e-01 3.074033766091071596e-01 1.627599999999999909e+03 2.152000000000000000e+03
1.300000000000000000e+02 2.400000000000000000e+01 4.048912748645087101e-01 4.100615576966168407e-01 1.666000000000000000e+03 2.216000000000000000e+03
1.400000000000000000e+02 1.000000000000000000e+00 6.410688037524664743e-05 6.410688037525044214e-05 2.000000000000000000e+01 2.000000000000000000e+01
1.400000000000000000e+02 2.000000000000000000e+00 1.397672779863453740e-04 1.471952461658399122e-04 9.320000000000000284e+01 6.220000000000000284e+01
1.400000000000000000e+02 3.000000000000000000e+00 1.193431046707569242e-04 1.099790000794467559e-04 1.731999999999999886e+02 1.348000000000000114e+02
1.400000000000000000e+02 4.000000000000000000e+00 9.931807041558566175e-05 2.371872696284913048e-04 2.916000000000000227e+02 2.265999999999999943e+02
1.400000000000000000e+02 5.000000000000000000e+00 2.394872894896358010e-04 3.753012555682185827e-04 3.971999999999999886e+02 3.200000000000000000e+02
1.400000000000000000e+02 6.000000000000000000e+00 6.514788844823248774e-04 4.320958365012070768e-04 5.252000000000000455e+02 4.240000000000000000e+02
1.400000000000000000e+02 7.000000000000000000e+00 1.120584781341179680e-03 6.395473422608143835e-04 6.780000000000000000e+02 5.440000000000000000e+02
1.400000000000000000e+02 8.000000000000000000e+00 4.133511311741512248e-03 9.620625481170501933e-04 8.580000000000000000e+02 6.800000000000000000e+02
1.400000000000000000e+02 9.000000000000000000e+00 5.104485911377672734e-03 8.209350998117084450e-04 9.163999999999999773e+02 7.800000000000000000e+02
1.400000000000000000e+02 1.000000000000000000e+01 9.624493569753880817e-03 1.314355712185510559e-03 9.763999999999999773e+02 8.880000000000000000e+02
1.400000000000000000e+02 1.100000000000000000e+01 1.596359117931455546e-02 2.207797578313092351e-03 1.038000000000000000e+03 1.004000000000000000e+03
1.400000000000000000e+02 1.200000000000000000e+01 2.721795899324432749e-02 3.581221076299466628e-03 1.101200000000000045e+03 1.128000000000000000e+03
1.400000000000000000e+02 1.300000000000000000e+01 5.072948423398404572e-02 5.191887354345942410e-03 1.166000000000000000e+03 1.260000000000000000e+03
1.400000000000000000e+02 1.400000000000000000e+01 9.467275864172618183e-02 9.541776146726301325e-03 1.232400000000000091e+03 1.400000000000000000e+03
1.400000000000000000e+02 1.500000000000000000e+01 1.820333928072614960e-01 1.731929791602250870e-02 1.300400000000000091e+03 1.548000000000000000e+03
1.400000000000000000e+02 1.600000000000000000e+01 3.732487222517760772e-01 2.681266868125373876e-02 1.370000000000000000e+03 1.704000000000000000e+03
1.400000000000000000e+02 1.700000000000000000e+01 3.874395470300917022e-01 4.131491409975414364e-02 1.382799999999999955e+03 1.768000000000000000e+03
1.400000000000000000e+02 1.800000000000000000e+01 4.035348691426794976e-01 4.907947141697407978e-02 1.395599999999999909e+03 1.832000000000000000e+03
1.400000000000000000e+02 1.900000000000000000e+01 4.213890476384237749e-01 7.281942330463367363e-02 1.408400000000000091e+03 1.896000000000000000e+03
1.400000000000000000e+02 2.000000000000000000e+01 4.430715794942121089e-01 1.068574606114927050e-01 1.421200000000000045e+03 1.960000000000000000e+03
1.400000000000000000e+02 2.100000000000000000e+01 4.650116369145391171e-01 1.492457979800170254e-01 1.434000000000000000e+03 2.024000000000000000e+03
1.400000000000000000e+02 2.200000000000000000e+01 4.997863046409453669e-01 2.067275364178954022e-01 1.446799999999999955e+03 2.088000000000000000e+03
1.400000000000000000e+02 2.300000000000000000e+01 5.339448904578184552e-01 2.861716660428577086e-01 1.459599999999999909e+03 2.152000000000000000e+03
1.400000000000000000e+02 2.400000000000000000e+01 5.683355026470908733e-01 3.908519769401883615e-01 1.472400000000000091e+03 2.216000000000000000e+03
1.500000000000000000e+02 1.000000000000000000e+00 2.884572994084177159e-05 2.884572994084391289e-05 2.000000000000000000e+01 2.000000000000000000e+01
1.500000000000000000e+02 2.000000000000000000e+00 3.616605160286841421e-05 4.244200052039881249e-05 8.840000000000000568e+01 6.940000000000000568e+01
1.500000000000000000e+02 3.000000000000000000e+00 6.889292157354613049e-05 8.625184517242532971e-05 1.571999999999999886e+02 1.354000000000000057e+02
1.500000000000000000e+02 4.000000000000000000e+00 7.392951713117764528e-05 7.206499141087771619e-05 2.531999999999999886e+02 2.250000000000000000e+02
1.500000000000000000e+02 5.000000000000000000e+00 7.936592938111095279e-05 1.393501614735366079e-04 3.358000000000000114e+02 3.151999999999999886e+02
1.500000000000000000e+02 6.000000000000000000e+00 2.129300128850690249e-04 1.447428275888381754e-04 4.300000000000000000e+02 4.240000000000000000e+02
1.500000000000000000e+02 7.000000000000000000e+00 1.526241122356991630e-04 2.887779664633208210e-04 5.357999999999999545e+02 5.440000000000000000e+02
1.500000000000000000e+02 8.000000000000000000e+00 2.488531239518821758e-04 3.754544557482761952e-04 6.532000000000000455e+02 6.800000000000000000e+02
1.500000000000000000e+02 9.000000000000000000e+00 4.019198248233519653e-04 6.738405371098880187e-04 7.402000000000000455e+02 7.800000000000000000e+02
1.500000000000000000e+02 1.000000000000000000e+01 6.716915400395388888e-04 9.360661577298712028e-04 8.316000000000000227e+02 8.880000000000000000e+02
1.500000000000000000e+02 1.100000000000000000e+01 9.080279663700636678e-04 1.305620847707892555e-03 9.273999999999999773e+02 1.004000000000000000e+03
1.500000000000000000e+02 1.200000000000000000e+01 1.431407676834376298e-03 2.049966690688824131e-03 1.027599999999999909e+03 1.128000000000000000e+03
1.500000000000000000e+02 1.300000000000000000e+01 2.258517503472431097e-03 3.134715283346479250e-03 1.132200000000000045e+03 1.260000000000000000e+03
1.500000000000000000e+02 1.400000000000000000e+01 4.734565393427431733e-03 6.106698365789262409e-03 1.241200000000000045e+03 1.400000000000000000e+03
1.500000000000000000e+02 1.500000000000000000e+01 8.980913653960021642e-03 8.600930682617500406e-03 1.354599999999999909e+03 1.548000000000000000e+03
1.500000000000000000e+02 1.600000000000000000e+01 1.914654979076891445e-02 1.798612024816529167e-02 1.472400000000000091e+03 1.704000000000000000e+03
1.500000000000000000e+02 1.700000000000000000e+01 2.827635336065545402e-02 2.572345343206350332e-02 1.522200000000000045e+03 1.768000000000000000e+03
1.500000000000000000e+02 1.800000000000000000e+01 3.432828799851107837e-02 3.473351431855555005e-02 1.572400000000000091e+03 1.832000000000000000e+03
1.500000000000000000e+02 1.900000000000000000e+01 5.026646503783386427e-02 5.136564006750856531e-02 1.623000000000000000e+03 1.896000000000000000e+03
1.500000000000000000e+02 2.000000000000000000e+01 6.478534008908425068e-02 7.891870400798735308e-02 1.674000000000000000e+03 1.960000000000000000e+03
1.500000000000000000e+02 2.100000000000000000e+01 8.446427341047119119e-02 1.164982572148440809e-01 1.725400000000000091e+03 2.024000000000000000e+03
1.500000000000000000e+02 2.200000000000000000e+01 1.127521939874779611e-01 1.702264037545954678e-01 1.777200000000000045e+03 2.088000000000000000e+03
1.500000000000000000e+02 2.300000000000000000e+01 1.472642675501093512e-01 2.466359214928849630e-01 1.829400000000000091e+03 2.152000000000000000e+03
1.500000000000000000e+02 2.400000000000000000e+01 1.905222889800803066e-01 3.474890845670502992e-01 1.882000000000000000e+03 2.216000000000000000e+03
1.600000000000000000e+02 1.000000000000000000e+00 1.799534068131578571e-05 1.799534068131685297e-05 2.000000000000000000e+01 2.000000000000000000e+01
1.600000000000000000e+02 2.000000000000000000e+00 2.866985276591741652e-05 2.591849839124940450e-05 8.959999999999999432e+01 6.459999999999999432e+01
1.600000000000000000e+02 3.000000000000000000e+00 5.083965048419727397e-05 4.794798148531793247e-05 1.598000000000000114e+02 1.384000000000000057e+02
1.600000000000000000e+02 4.000000000000000000e+00 3.468050442467326180e-05 1.149272441424246396e-04 2.600000000000000000e+02 2.165999999999999943e+02
1.600000000000000000e+02 5.000000000000000000e+00 8.095102001084739465e-05 8.583342964425499087e-05 3.443999999999999773e+02 3.108000000000000114e+02
1.600000000000000000e+02 6.000000000000000000e+00 1.229193898435110223e-04 1.037555825067273138e-04 4.408000000000000114e+02 4.240000000000000000e+02
1.600000000000000000e+02 7.000000000000000000e+00 1.503303649246948788e-04 1.639184844317717268e-04 5.492000000000000455e+02 5.440000000000000000e+02
1.600000000000000000e+02 8.000000000000000000e+00 2.356386118641523987e-04 1.831031708845077687e-04 6.696000000000000227e+02 6.776000000000000227e+02
1.600000000000000000e+02 9.000000000000000000e+00 2.647394833048102901e-04 3.473933723704191530e-04 7.473999999999999773e+02 7.800000000000000000e+02
1.600000000000000000e+02 1.000000000000000000e+01 5.476198595806586623e-04 7.943943389849085273e-04 8.272000000000000455e+02 8.880000000000000000e+02
1.600000000000000000e+02 1.100000000000000000e+01 1.006227630083077456e-03 7.515127261832685443e-04 9.090000000000000000e+02 1.004000000000000000e+03
1.600000000000000000e+02 1.200000000000000000e+01 2.323087137741469427e-03 1.234520802177692779e-03 9.927999999999999545e+02 1.128000000000000000e+03
1.600000000000000000e+02 1.300000000000000000e+01 3.467291485864341764e-03 2.327550898576568900e-03 1.078599999999999909e+03 1.260000000000000000e+03
1.600000000000000000e+02 1.400000000000000000e+01 6.128103207952213805e-03 4.179221988802160268e-03 1.166400000000000091e+03 1.400000000000000000e+03
1.600000000000000000e+02 1.500000000000000000e+01 1.442683785439217645e-02 6.315772519576465065e-03 1.256200000000000045e+03 1.548000000000000000e+03
1.600000000000000000e+02 1.600000000000000000e+01 3.791041544166114802e-02 1.499483829218595590e-02 1.348000000000000000e+03 1.704000000000000000e+03
1.600000000000000000e+02 1.700000000000000000e+01 5.317456824821197026e-02 2.290633442588313820e-02 1.386400000000000091e+03 1.768000000000000000e+03
1.600000000000000000e+02 1.800000000000000000e+01 6.462745207822721827e-02 3.683480854672136623e-02 1.424799999999999955e+03 1.832000000000000000e+03
1.600000000000000000e+02 1.900000000000000000e+01 8.459648197534885838e-02 4.987892744061205030e-02 1.463200000000000045e+03 1.896000000000000000e+03
1.600000000000000000e+02 2.000000000000000000e+01 1.055322001884548416e-01 7.677031613936373400e-02 1.501599999999999909e+03 1.960000000000000000e+03
1.600000000000000000e+02 2.100000000000000000e+01 1.327134460376300784e-01 1.077312491458497778e-01 1.540000000000000000e+03 2.024000000000000000e+03
1.600000000000000000e+02 2.200000000000000000e+01 1.666923607923498363e-01 1.625007291047227131e-01 1.578400000000000091e+03 2.088000000000000000e+03
1.600000000000000000e+02 2.300000000000000000e+01 2.079818140968955620e-01 2.309094208024950468e-01 1.616799999999999955e+03 2.152000000000000000e+03
1.600000000000000000e+02 2.400000000000000000e+01 2.568224267406572503e-01 3.315950819986129838e-01 1.655200000000000045e+03 2.216000000000000000e+03
1.700000000000000000e+02 1.000000000000000000e+00 1.302749899821398441e-05 1.302749899821472980e-05 2.000000000000000000e+01 2.000000000000000000e+01
1.700000000000000000e+02 2.000000000000000000e+00 2.414795646710811574e-05 1.370453058954773442e-05 8.640000000000000568e+01 6.320000000000000284e+01
1.700000000000000000e+02 3.000000000000000000e+00 4.685778630344836638e-05 3.892847663768367154e-05 1.594000000000000057e+02 1.364000000000000057e+02
1.700000000000000000e+02 4.000000000000000000e+00 2.413359335612361820e-05 4.446858224595885955e-05 2.648000000000000114e+02 2.218000000000000114e+02
1.700000000000000000e+02 5.000000000000000000e+00 1.102863733478971748e-04 9.640392160013957828e-05 3.670000000000000000e+02 3.200000000000000000e+02
1.700000000000000000e+02 6.000000000000000000e+00 1.866179628757284284e-04 8.308661487179744959e-05 4.928000000000000114e+02 4.240000000000000000e+02
1.700000000000000000e+02 7.000000000000000000e+00 1.972029239061505056e-04 1.447816024341308148e-04 6.446000000000000227e+02 5.440000000000000000e+02
1.700000000000000000e+02 8.000000000000000000e+00 2.526045811643665671e-03 1.679120642077950470e-04 8.247999999999999545e+02 6.800000000000000000e+02
1.700000000000000000e+02 9.000000000000000000e+00 4.394014927307278613e-03 2.871883001657867191e-04 8.890000000000000000e+02 7.800000000000000000e+02
1.700000000000000000e+02 1.000000000000000000e+01 9.105239114558762864e-03 3.034973808585579190e-04 9.567999999999999545e+02 8.880000000000000000e+02
1.700000000000000000e+02 1.100000000000000000e+01 1.581039606056185154e-02 7.317764621084856544e-04 1.028200000000000045e+03 1.004000000000000000e+03
1.700000000000000000e+02 1.200000000000000000e+01 3.126740999155553508e-02 7.499528790133877043e-04 1.103200000000000045e+03 1.128000000000000000e+03
1.700000000000000000e+02 1.300000000000000000e+01 4.858029214684483205e-02 1.508181469942852142e-03 1.181799999999999955e+03 1.260000000000000000e+03
1.700000000000000000e+02 1.400000000000000000e+01 8.199586972638783777e-02 2.919904513547959008e-03 1.264000000000000000e+03 1.400000000000000000e+03
1.700000000000000000e+02 1.500000000000000000e+01 1.497556614152484311e-01 5.285944614217602880e-03 1.349799999999999955e+03 1.548000000000000000e+03
1.700000000000000000e+02 1.600000000000000000e+01 3.273880473482722597e-01 1.223138833099477081e-02 1.439200000000000045e+03 1.704000000000000000e+03
1.700000000000000000e+02 1.700000000000000000e+01 3.360337860633569318e-01 1.655900927644874884e-02 1.458400000000000091e+03 1.768000000000000000e+03
1.700000000000000000e+02 1.800000000000000000e+01 3.432960896644421389e-01 2.391456094927518067e-02 1.477599999999999909e+03 1.832000000000000000e+03
1.700000000000000000e+02 1.900000000000000000e+01 3.577054366094758464e-01 3.423183842862244364e-02 1.496799999999999955e+03 1.896000000000000000e+03
1.700000000000000000e+02 2.000000000000000000e+01 3.734095164968699310e-01 5.117923851849750377e-02 1.516000000000000000e+03 1.960000000000000000e+03
1.700000000000000000e+02 2.100000000000000000e+01 3.903655854487398935e-01 7.902556649581052306e-02 1.535200000000000045e+03 2.024000000000000000e+03
1.700000000000000000e+02 2.200000000000000000e+01 4.154779345363942555e-01 1.199925284836121236e-01 1.554400000000000091e+03 2.088000000000000000e+03
1.700000000000000000e+02 2.300000000000000000e+01 4.442781415052843852e-01 1.882766777568218031e-01 1.573599999999999909e+03 2.152000000000000000e+03
1.700000000000000000e+02 2.400000000000000000e+01 4.734108972883815936e-01 2.786167448334589403e-01 1.592799999999999955e+03 2.216000000000000000e+03
1.800000000000000000e+02 1.000000000000000000e+00 9.487244668886654842e-06 9.487244668887013984e-06 2.000000000000000000e+01 2.000000000000000000e+01
1.800000000000000000e+02 2.000000000000000000e+00 1.383069130622357435e-05 1.757371236128012844e-05 8.800000000000000000e+01 6.220000000000000284e+01
1.800000000000000000e+02 3.000000000000000000e+00 1.556538749700002704e-05 2.456828341893222634e-05 1.638000000000000114e+02 1.340000000000000000e+02
1.800000000000000000e+02 4.000000000000000000e+00 2.978258373231108466e-05 2.855189506138994596e-05 2.736000000000000227e+02 2.235999999999999943e+02
1.800000000000000000e+02 5.000000000000000000e+00 4.624750002651877262e-05 4.950865312499824506e-05 3.521999999999999886e+02 3.143999999999999773e+02
1.800000000000000000e+02 6.000000000000000000e+00 5.548674308651389489e-05 5.744869756414745261e-05 4.391999999999999886e+02 4.240000000000000000e+02
1.800000000000000000e+02 7.000000000000000000e+00 1.240275312420514311e-04 1.415785367967718603e-04 5.346000000000000227e+02 5.202000000000000455e+02
1.800000000000000000e+02 8.000000000000000000e+00 1.857206938069175749e-04 1.227770049276534394e-04 6.383999999999999773e+02 6.800000000000000000e+02
1.800000000000000000e+02 9.000000000000000000e+00 1.860619719029824167e-04 2.190770442213311900e-04 7.217999999999999545e+02 7.800000000000000000e+02
1.800000000000000000e+02 1.000000000000000000e+01 2.716732713395296202e-04 5.532011258729574747e-04 8.087999999999999545e+02 8.880000000000000000e+02
1.800000000000000000e+02 1.100000000000000000e+01 3.444744760212616291e-04 6.253640560854607094e-04 8.993999999999999773e+02 1.004000000000000000e+03
1.800000000000000000e+02 1.200000000000000000e+01 4.103598471796933737e-04 7.923635899603039467e-04 9.936000000000000227e+02 1.128000000000000000e+03
1.800000000000000000e+02 1.300000000000000000e+01 1.294665487433977694e-03 1.212529218567380291e-03 1.091400000000000091e+03 1.260000000000000000e+03
1.800000000000000000e+02 1.400000000000000000e+01 2.681957180757513996e-03 1.496287189587956453e-03 1.192799999999999955e+03 1.400000000000000000e+03
1.800000000000000000e+02 1.500000000000000000e+01 3.257770569527360712e-03 4.187581235311876003e-03 1.297799999999999955e+03 1.548000000000000000e+03
1.800000000000000000e+02 1.600000000000000000e+01 7.588160090081496993e-03 7.358446952770383680e-03 1.406400000000000091e+03 1.704000000000000000e+03
1.800000000000000000e+02 1.700000000000000000e+01 1.370829291765598458e-02 1.135145026209621183e-02 1.451200000000000045e+03 1.768000000000000000e+03
1.800000000000000000e+02 1.800000000000000000e+01 1.957805155077059836e-02 2.020125375231056342e-02 1.496000000000000000e+03 1.832000000000000000e+03
1.800000000000000000e+02 1.900000000000000000e+01 2.887483192866108217e-02 2.795719108836520334e-02 1.540799999999999955e+03 1.896000000000000000e+03
1.800000000000000000e+02 2.000000000000000000e+01 4.007893443971003583e-02 4.269358874554259053e-02 1.585599999999999909e+03 1.960000000000000000e+03
1.800000000000000000e+02 2.100000000000000000e+01 5.579874424076943645e-02 7.209723371218447474e-02 1.630400000000000091e+03 2.024000000000000000e+03
1.800000000000000000e+02 2.200000000000000000e+01 7.409993070245050883e-02 1.121270811460503419e-01 1.675200000000000045e+03 2.088000000000000000e+03
1.800000000000000000e+02 2.300000000000000000e+01 1.011951819755122772e-01 1.755835182215424173e-01 1.720000000000000000e+03 2.152000000000000000e+03
1.800000000000000000e+02 2.400000000000000000e+01 1.394728967699533084e-01 2.711547106482907754e-01 1.764799999999999955e+03 2.216000000000000000e+03
1.900000000000000000e+02 1.000000000000000000e+00 4.779794397087663109e-06 4.779794397088102719e-06 2.000000000000000000e+01 2.000000000000000000e+01
1.900000000000000000e+02 2.000000000000000000e+00 6.402257503128107160e-06 4.163763319039785434e-06 8.679999999999999716e+01 6.540000000000000568e+01
1.900000000000000000e+02 3.000000000000000000e+00 1.469258393435564637e-05 1.595566624614667744e-05 1.651999999999999886e+02 1.295999999999999943e+02
1.900000000000000000e+02 4.000000000000000000e+00 1.816728632242469368e-05 2.639148091095878292e-05 2.860000000000000000e+02 2.170000000000000000e+02
1.900000000000000000e+02 5.000000000000000000e+00 2.542105624531669885e-05 3.237547506768709423e-05 3.691999999999999886e+02 3.168000000000000114e+02
1.900000000000000000e+02 6.000000000000000000e+00 4.236506240159634655e-05 4.147798372987050817e-05 4.620000000000000000e+02 4.136000000000000227e+02
1.900000000000000000e+02 7.000000000000000000e+00 9.594613540471037220e-05 1.056580446011339946e-04 5.643999999999999773e+02 5.367999999999999545e+02
1.900000000000000000e+02 8.000000000000000000e+00 1.193010297571871675e-04 2.384700790087232957e-04 6.763999999999999773e+02 6.800000000000000000e+02
1.900000000000000000e+02 9.000000000000000000e+00 2.316128404320213032e-04 1.830670864273431747e-04 7.602000000000000455e+02 7.800000000000000000e+02
1.900000000000000000e+02 1.000000000000000000e+01 4.256632376288343143e-04 2.666769594012197977e-04 8.467999999999999545e+02 8.880000000000000000e+02
1.900000000000000000e+02 1.100000000000000000e+01 4.913175378229682477e-04 4.148934328882715071e-04 9.362000000000000455e+02 1.004000000000000000e+03
1.900000000000000000e+02 1.200000000000000000e+01 9.696792347377453927e-04 4.750077042071931019e-04 1.028400000000000091e+03 1.128000000000000000e+03
1.900000000000000000e+02 1.300000000000000000e+01 1.689806715481665094e-03 1.761650467183818996e-03 1.123400000000000091e+03 1.260000000000000000e+03
1.900000000000000000e+02 1.400000000000000000e+01 3.939765327669903817e-03 1.964284138193093856e-03 1.221200000000000045e+03 1.400000000000000000e+03
1.900000000000000000e+02 1.500000000000000000e+01 7.369113476544464532e-03 2.998047683282839375e-03 1.321799999999999955e+03 1.548000000000000000e+03
1.900000000000000000e+02 1.600000000000000000e+01 1.526524212037870531e-02 7.517720482755414942e-03 1.425200000000000045e+03 1.704000000000000000e+03
1.900000000000000000e+02 1.700000000000000000e+01 2.114170750393711343e-02 9.532787592020086631e-03 1.460400000000000091e+03 1.768000000000000000e+03
1.900000000000000000e+02 1.800000000000000000e+01 3.046200944190748452e-02 1.802894845821441730e-02 1.495599999999999909e+03 1.832000000000000000e+03
1.900000000000000000e+02 1.900000000000000000e+01 4.031344639275340203e-02 2.755069477146973589e-02 1.530799999999999955e+03 1.896000000000000000e+03
1.900000000000000000e+02 2.000000000000000000e+01 6.161626898659729179e-02 4.169392588572449349e-02 1.566000000000000000e+03 1.960000000000000000e+03
1.900000000000000000e+02 2.100000000000000000e+01 8.182389830190903157e-02 6.246999132766194174e-02 1.601200000000000045e+03 2.024000000000000000e+03
1.900000000000000000e+02 2.200000000000000000e+01 1.108295662490935973e-01 9.697839308496652988e-02 1.636400000000000091e+03 2.088000000000000000e+03
1.900000000000000000e+02 2.300000000000000000e+01 1.486183922998603468e-01 1.591170976618459798e-01 1.671599999999999909e+03 2.152000000000000000e+03
1.900000000000000000e+02 2.400000000000000000e+01 2.042145235543385284e-01 2.452907021285292699e-01 1.706799999999999955e+03 2.216000000000000000e+03
