1.000000000000000000e+01 1.000000000000000000e+00 7.293340276161489610e-01 7.293340276161510705e-01 2.000000000000000000e+01 2.000000000000000000e+01
1.000000000000000000e+01 2.000000000000000000e+00 9.476817243164301630e-01 9.062531337544896815e-01 1.047999999999999972e+02 5.579999999999999716e+01
1.000000000000000000e+01 3.000000000000000000e+00 9.923797522552926242e-01 9.649458733837080748e-01 1.944000000000000057e+02 9.640000000000000568e+01
1.000000000000000000e+01 4.000000000000000000e+00 9.999999999999907851e-01 9.937312988244212386e-01 3.223999999999999773e+02 1.414000000000000057e+02
1.000000000000000000e+01 5.000000000000000000e+00 9.999999911567689637e-01 9.967799471698285396e-01 4.130000000000000000e+02 1.490000000000000000e+02
1.000000000000000000e+01 6.000000000000000000e+00 9.999953278277228241e-01 9.987359542670356527e-01 5.120000000000000000e+02 1.585999999999999943e+02
1.000000000000000000e+01 7.000000000000000000e+00 9.997062747334972688e-01 9.997625076865114258e-01 6.193999999999999773e+02 1.735999999999999943e+02
1.000000000000000000e+01 8.000000000000000000e+00 9.999999999999907851e-01 9.999999999999957812e-01 7.352000000000000455e+02 1.830000000000000000e+02
1.000000000000000000e+01 9.000000000000000000e+00 9.999999999999923395e-01 9.999999999999957812e-01 8.022000000000000455e+02 1.830000000000000000e+02
1.000000000000000000e+01 1.000000000000000000e+01 9.999999999999917843e-01 9.999999999999957812e-01 8.720000000000000000e+02 1.830000000000000000e+02
1.000000000000000000e+01 1.100000000000000000e+01 9.999999860551195274e-01 9.999999999999957812e-01 9.446000000000000227e+02 1.830000000000000000e+02
1.000000000000000000e+01 1.200000000000000000e+01 9.999999999999913403e-01 9.999999999999957812e-01 1.020000000000000000e+03 1.830000000000000000e+02
1.000000000000000000e+01 1.300000000000000000e+01 9.999947166317696423e-01 9.999999999999957812e-01 1.098200000000000045e+03 1.830000000000000000e+02
1.000000000000000000e+01 1.400000000000000000e+01 9.999911349253478576e-01 9.999999999999957812e-01 1.179200000000000045e+03 1.830000000000000000e+02
1.000000000000000000e+01 1.500000000000000000e+01 9.999807507205880075e-01 9.999999999999957812e-01 1.263000000000000000e+03 1.830000000000000000e+02
1.000000000000000000e+01 1.600000000000000000e+01 9.998936254321147965e-01 9.999999999999957812e-01 1.349599999999999909e+03 1.830000000000000000e+02
1.000000000000000000e+01 1.700000000000000000e+01 9.999154327949438814e-01 9.999999999999957812e-01 1.381599999999999909e+03 1.830000000000000000e+02
1.000000000000000000e+01 1.800000000000000000e+01 9.999007103412209663e-01 9.999999999999957812e-01 1.413599999999999909e+03 1.830000000000000000e+02
1.000000000000000000e+01 1.900000000000000000e+01 9.999119699310590192e-01 9.999999999999957812e-01 1.445599999999999909e+03 1.830000000000000000e+02
2.000000000000000000e+01 1.000000000000000000e+00 3.692694554184918210e-01 3.692694554184945965e-01 2.000000000000000000e+01 2.000000000000000000e+01
2.000000000000000000e+01 2.000000000000000000e+00 6.041334204564063892e-01 6.766810759805632625e-01 8.759999999999999432e+01 6.420000000000000284e+01
2.000000000000000000e+01 3.000000000000000000e+00 7.805613173648729974e-01 7.890241616029868288e-01 1.644000000000000057e+02 1.135999999999999943e+02
2.000000000000000000e+01 4.000000000000000000e+00 8.562174052014388526e-01 8.874277326245287867e-01 2.803999999999999773e+02 1.698000000000000114e+02
2.000000000000000000e+01 5.000000000000000000e+00 9.193863899854722854e-01 9.177161012124190886e-01 3.630000000000000000e+02 2.398000000000000114e+02
2.000000000000000000e+01 6.000000000000000000e+00 9.605110152631068932e-01 9.573236184977513830e-01 4.556000000000000227e+02 2.916000000000000227e+02
2.000000000000000000e+01 7.000000000000000000e+00 9.779633284330552234e-01 9.750355019538780033e-01 5.582000000000000455e+02 3.701999999999999886e+02
2.000000000000000000e+01 8.000000000000000000e+00 9.957413336181939467e-01 9.903580459888395859e-01 6.707999999999999545e+02 4.206000000000000227e+02
2.000000000000000000e+01 9.000000000000000000e+00 9.940989319453679141e-01 9.934944437393975480e-01 7.573999999999999773e+02 4.408000000000000114e+02
2.000000000000000000e+01 1.000000000000000000e+01 9.962555181898030687e-01 9.959972833533392578e-01 8.476000000000000227e+02 4.566000000000000227e+02
2.000000000000000000e+01 1.100000000000000000e+01 9.964793314749618158e-01 9.972034588880935857e-01 9.413999999999999773e+02 4.771999999999999886e+02
2.000000000000000000e+01 1.200000000000000000e+01 9.959859434717424076e-01 9.982610843761927644e-01 1.038799999999999955e+03 4.990000000000000000e+02
2.000000000000000000e+01 1.300000000000000000e+01 9.981571681541199226e-01 9.990548415297443308e-01 1.139799999999999955e+03 5.126000000000000227e+02
2.000000000000000000e+01 1.400000000000000000e+01 9.963700287970848057e-01 9.996936580407780326e-01 1.244400000000000091e+03 5.173999999999999773e+02
2.000000000000000000e+01 1.500000000000000000e+01 9.977930047045451278e-01 9.998729001259208937e-01 1.352599999999999909e+03 5.306000000000000227e+02
2.000000000000000000e+01 1.600000000000000000e+01 9.983370807466892538e-01 9.999999999999923395e-01 1.464400000000000091e+03 5.342000000000000455e+02
2.000000000000000000e+01 1.700000000000000000e+01 9.978088255406978302e-01 9.999999999999923395e-01 1.499599999999999909e+03 5.342000000000000455e+02
2.000000000000000000e+01 1.800000000000000000e+01 9.967942734935351101e-01 9.999999999999923395e-01 1.534799999999999955e+03 5.342000000000000455e+02
2.000000000000000000e+01 1.900000000000000000e+01 9.983684683111480052e-01 9.999999999999923395e-01 1.570000000000000000e+03 5.342000000000000455e+02
3.000000000000000000e+01 1.000000000000000000e+00 1.115793919970901882e-01 1.115793919970912845e-01 2.000000000000000000e+01 2.000000000000000000e+01
3.000000000000000000e+01 2.000000000000000000e+00 2.796917140601358764e-01 2.437452981787734951e-01 1.000000000000000000e+02 6.479999999999999716e+01
3.000000000000000000e+01 3.000000000000000000e+00 4.424639193823129979e-01 3.655947404453754324e-01 1.950000000000000000e+02 1.348000000000000114e+02
3.000000000000000000e+01 4.000000000000000000e+00 6.002292963692408279e-01 5.358720273772258347e-01 3.431999999999999886e+02 2.205999999999999943e+02
3.000000000000000000e+01 5.000000000000000000e+00 6.949558746104987916e-01 6.319830613066361735e-01 4.308000000000000114e+02 3.023999999999999773e+02
3.000000000000000000e+01 6.000000000000000000e+00 7.546741139181178948e-01 7.123834833798656785e-01 5.240000000000000000e+02 3.946000000000000227e+02
3.000000000000000000e+01 7.000000000000000000e+00 8.491349728001609254e-01 7.806962114298394706e-01 6.227999999999999545e+02 4.990000000000000000e+02
3.000000000000000000e+01 8.000000000000000000e+00 8.982702021584012542e-01 8.522276987438482942e-01 7.272000000000000455e+02 6.247999999999999545e+02
3.000000000000000000e+01 9.000000000000000000e+00 9.107700000621357095e-01 8.843699532991575740e-01 7.963999999999999773e+02 7.006000000000000227e+02
3.000000000000000000e+01 1.000000000000000000e+01 9.441636898369738518e-01 9.143609517789601515e-01 8.663999999999999773e+02 7.872000000000000455e+02
3.000000000000000000e+01 1.100000000000000000e+01 9.553059145593481016e-01 9.359454091000873888e-01 9.372000000000000455e+02 8.737999999999999545e+02
3.000000000000000000e+01 1.200000000000000000e+01 9.701202894853603320e-01 9.552069165797986150e-01 1.008799999999999955e+03 9.656000000000000227e+02
3.000000000000000000e+01 1.300000000000000000e+01 9.683322683836150802e-01 9.705211791899642781e-01 1.081200000000000045e+03 1.062599999999999909e+03
3.000000000000000000e+01 1.400000000000000000e+01 9.767298272694686645e-01 9.822558703551681480e-01 1.154400000000000091e+03 1.164799999999999955e+03
3.000000000000000000e+01 1.500000000000000000e+01 9.878783837686663238e-01 9.899878350532264060e-01 1.228400000000000091e+03 1.272200000000000045e+03
3.000000000000000000e+01 1.600000000000000000e+01 9.986628729086577394e-01 9.962622001826441087e-01 1.303200000000000045e+03 1.384799999999999955e+03
3.000000000000000000e+01 1.700000000000000000e+01 9.986365271108319508e-01 9.974167685532971950e-01 1.328799999999999955e+03 1.416799999999999955e+03
3.000000000000000000e+01 1.800000000000000000e+01 9.976725647793101004e-01 9.982548846885539451e-01 1.354400000000000091e+03 1.448799999999999955e+03
3.000000000000000000e+01 1.900000000000000000e+01 9.973706400391846305e-01 9.987177107889861905e-01 1.380000000000000000e+03 1.480799999999999955e+03
4.000000000000000000e+01 1.000000000000000000e+00 5.876558186625287922e-02 5.876558186625400332e-02 2.000000000000000000e+01 2.000000000000000000e+01
4.000000000000000000e+01 2.000000000000000000e+00 1.133536408164847187e-01 1.355714267672520068e-01 9.720000000000000284e+01 6.459999999999999432e+01
4.000000000000000000e+01 3.000000000000000000e+00 1.875352978804991355e-01 1.810863266185756548e-01 1.891999999999999886e+02 1.275999999999999943e+02
4.000000000000000000e+01 4.000000000000000000e+00 3.073947599650281859e-01 2.605347682784016627e-01 3.331999999999999886e+02 2.125999999999999943e+02
4.000000000000000000e+01 5.000000000000000000e+00 3.413085621832250838e-01 3.092881875456134355e-01 4.446000000000000227e+02 3.043999999999999773e+02
4.000000000000000000e+01 6.000000000000000000e+00 4.210557775058417773e-01 3.615541599733676503e-01 5.716000000000000227e+02 4.036000000000000227e+02
4.000000000000000000e+01 7.000000000000000000e+00 4.979175906661006401e-01 4.322113941659999625e-01 7.142000000000000455e+02 5.157999999999999545e+02
4.000000000000000000e+01 8.000000000000000000e+00 5.897744427187718852e-01 5.004800681426389009e-01 8.723999999999999773e+02 6.427999999999999545e+02
4.000000000000000000e+01 9.000000000000000000e+00 6.334605148251042372e-01 5.489463505703788826e-01 9.337999999999999545e+02 7.292000000000000455e+02
4.000000000000000000e+01 1.000000000000000000e+01 6.813359615722347495e-01 5.890802042222170742e-01 9.963999999999999773e+02 8.220000000000000000e+02
4.000000000000000000e+01 1.100000000000000000e+01 7.281913976221494611e-01 6.351454971304602015e-01 1.060200000000000045e+03 9.212000000000000455e+02
4.000000000000000000e+01 1.200000000000000000e+01 7.675847177124044407e-01 6.816684065291811478e-01 1.125200000000000045e+03 1.026799999999999955e+03
4.000000000000000000e+01 1.300000000000000000e+01 8.018825925016894729e-01 7.235005020668959785e-01 1.191400000000000091e+03 1.138799999999999955e+03
4.000000000000000000e+01 1.400000000000000000e+01 8.248514364176667835e-01 7.718050083635954461e-01 1.258799999999999955e+03 1.257200000000000045e+03
4.000000000000000000e+01 1.500000000000000000e+01 8.728419833450666854e-01 8.154220845353382652e-01 1.327400000000000091e+03 1.382000000000000000e+03
4.000000000000000000e+01 1.600000000000000000e+01 9.093095178821449798e-01 8.682124737290815020e-01 1.397200000000000045e+03 1.513200000000000045e+03
4.000000000000000000e+01 1.700000000000000000e+01 9.065353631417603086e-01 8.823187488071368989e-01 1.429200000000000045e+03 1.558000000000000000e+03
4.000000000000000000e+01 1.800000000000000000e+01 9.160888522995632721e-01 8.976959984377390622e-01 1.461200000000000045e+03 1.602799999999999955e+03
4.000000000000000000e+01 1.900000000000000000e+01 9.246831490044916668e-01 9.121241030205844424e-01 1.493200000000000045e+03 1.647599999999999909e+03
5.000000000000000000e+01 1.000000000000000000e+00 1.535024935396528747e-02 1.535024935396582003e-02 2.000000000000000000e+01 2.000000000000000000e+01
5.000000000000000000e+01 2.000000000000000000e+00 3.105421715945366756e-02 3.695353144357778341e-02 8.440000000000000568e+01 5.839999999999999858e+01
5.000000000000000000e+01 3.000000000000000000e+00 7.723990414472275967e-02 6.865666767502866252e-02 1.548000000000000114e+02 1.260000000000000000e+02
5.000000000000000000e+01 4.000000000000000000e+00 1.052809700052522307e-01 1.222922826953769943e-01 2.580000000000000000e+02 2.128000000000000114e+02
5.000000000000000000e+01 5.000000000000000000e+00 1.429689945582714727e-01 1.637644525056902167e-01 3.473999999999999773e+02 3.143999999999999773e+02
5.000000000000000000e+01 6.000000000000000000e+00 2.069119928474872638e-01 2.187334128173626657e-01 4.508000000000000114e+02 4.176000000000000227e+02
5.000000000000000000e+01 7.000000000000000000e+00 2.821407818324166983e-01 2.860299056332419321e-01 5.682000000000000455e+02 5.327999999999999545e+02
5.000000000000000000e+01 8.000000000000000000e+00 3.624884443948053758e-01 3.657951878063702700e-01 6.996000000000000227e+02 6.583999999999999773e+02
5.000000000000000000e+01 9.000000000000000000e+00 4.007262815847683624e-01 3.963560646038760682e-01 7.833999999999999773e+02 7.482000000000000455e+02
5.000000000000000000e+01 1.000000000000000000e+01 4.339888595500079882e-01 4.280296111598907993e-01 8.700000000000000000e+02 8.447999999999999545e+02
5.000000000000000000e+01 1.100000000000000000e+01 5.027310164766818357e-01 4.704914051215215443e-01 9.593999999999999773e+02 9.482000000000000455e+02
5.000000000000000000e+01 1.200000000000000000e+01 5.407406925410679355e-01 5.210954611449050145e-01 1.051599999999999909e+03 1.058400000000000091e+03
5.000000000000000000e+01 1.300000000000000000e+01 5.848646806253083863e-01 5.693952045582616472e-01 1.146599999999999909e+03 1.175400000000000091e+03
5.000000000000000000e+01 1.400000000000000000e+01 6.163860724937268998e-01 6.140181102005548563e-01 1.244400000000000091e+03 1.299200000000000045e+03
5.000000000000000000e+01 1.500000000000000000e+01 6.825820548313049629e-01 6.690444378034976491e-01 1.345000000000000000e+03 1.429799999999999955e+03
5.000000000000000000e+01 1.600000000000000000e+01 7.289551513617292811e-01 7.268388635746440007e-01 1.448400000000000091e+03 1.567200000000000045e+03
5.000000000000000000e+01 1.700000000000000000e+01 7.555323985654645025e-01 7.601100999516792189e-01 1.493400000000000091e+03 1.618400000000000091e+03
5.000000000000000000e+01 1.800000000000000000e+01 7.976525399819551776e-01 7.890633393529947748e-01 1.538799999999999955e+03 1.669599999999999909e+03
5.000000000000000000e+01 1.900000000000000000e+01 8.159385492389436001e-01 8.167276368111500151e-01 1.584599999999999909e+03 1.720799999999999955e+03
6.000000000000000000e+01 1.000000000000000000e+00 1.145290416905039507e-02 1.145290416905062406e-02 2.000000000000000000e+01 2.000000000000000000e+01
6.000000000000000000e+01 2.000000000000000000e+00 1.675199568251092147e-02 2.815359208615001926e-02 9.240000000000000568e+01 6.100000000000000000e+01
6.000000000000000000e+01 3.000000000000000000e+00 2.616636148172947832e-02 4.232096501165746177e-02 1.704000000000000057e+02 1.300000000000000000e+02
6.000000000000000000e+01 4.000000000000000000e+00 4.338987625744390036e-02 5.303185250146029428e-02 2.828000000000000114e+02 2.114000000000000057e+02
6.000000000000000000e+01 5.000000000000000000e+00 5.190214921312759355e-02 6.725773078952974882e-02 3.640000000000000000e+02 3.200000000000000000e+02
6.000000000000000000e+01 6.000000000000000000e+00 7.666206842207587413e-02 8.787580226871760658e-02 4.540000000000000000e+02 4.240000000000000000e+02
6.000000000000000000e+01 7.000000000000000000e+00 1.114078580313268285e-01 1.248132108103648524e-01 5.527999999999999545e+02 5.440000000000000000e+02
6.000000000000000000e+01 8.000000000000000000e+00 1.628729537251685511e-01 1.532496537679136905e-01 6.603999999999999773e+02 6.800000000000000000e+02
6.000000000000000000e+01 9.000000000000000000e+00 1.970921385214758903e-01 1.730662627755165661e-01 7.382000000000000455e+02 7.766000000000000227e+02
6.000000000000000000e+01 1.000000000000000000e+01 2.413074609208164245e-01 2.025025148038279710e-01 8.180000000000000000e+02 8.807999999999999545e+02
6.000000000000000000e+01 1.100000000000000000e+01 2.865900861609353423e-01 2.411045620189528615e-01 8.997999999999999545e+02 9.926000000000000227e+02
6.000000000000000000e+01 1.200000000000000000e+01 3.403610696569933092e-01 2.973974026419975991e-01 9.836000000000000227e+02 1.112000000000000000e+03
6.000000000000000000e+01 1.300000000000000000e+01 3.841303498414444517e-01 3.422916949045539114e-01 1.069400000000000091e+03 1.239000000000000000e+03
6.000000000000000000e+01 1.400000000000000000e+01 4.427330327849642866e-01 4.095934407298901792e-01 1.157200000000000045e+03 1.373599999999999909e+03
6.000000000000000000e+01 1.500000000000000000e+01 5.050775031281922178e-01 4.890395235528584017e-01 1.247000000000000000e+03 1.515799999999999955e+03
6.000000000000000000e+01 1.600000000000000000e+01 5.814561062822924953e-01 5.922537953660992338e-01 1.338799999999999955e+03 1.665599999999999909e+03
6.000000000000000000e+01 1.700000000000000000e+01 6.203169421496780300e-01 6.288584639559526845e-01 1.378799999999999955e+03 1.723200000000000045e+03
6.000000000000000000e+01 1.800000000000000000e+01 6.523317085703908003e-01 6.659304834828283504e-01 1.418799999999999955e+03 1.780799999999999955e+03
6.000000000000000000e+01 1.900000000000000000e+01 6.846343137828471148e-01 7.052638297270850121e-01 1.458799999999999955e+03 1.838400000000000091e+03
7.000000000000000000e+01 1.000000000000000000e+00 3.707315816116910252e-03 3.707315816117059439e-03 2.000000000000000000e+01 2.000000000000000000e+01
7.000000000000000000e+01 2.000000000000000000e+00 5.505267124100844504e-03 7.139570911106443360e-03 8.959999999999999432e+01 6.700000000000000000e+01
7.000000000000000000e+01 3.000000000000000000e+00 1.391983340965014318e-02 1.291641026601297523e-02 1.681999999999999886e+02 1.354000000000000057e+02
7.000000000000000000e+01 4.000000000000000000e+00 2.133583776489237499e-02 2.072478271011809342e-02 2.871999999999999886e+02 2.230000000000000000e+02
7.000000000000000000e+01 5.000000000000000000e+00 4.370027076063383309e-02 3.169166727873373723e-02 3.643999999999999773e+02 3.186000000000000227e+02
7.000000000000000000e+01 6.000000000000000000e+00 6.557149673630394138e-02 4.089653161055860353e-02 4.488000000000000114e+02 4.240000000000000000e+02
7.000000000000000000e+01 7.000000000000000000e+00 1.024093756523794668e-01 5.630341389047431588e-02 5.403999999999999773e+02 5.417999999999999545e+02
7.000000000000000000e+01 8.000000000000000000e+00 1.387918832560823268e-01 8.493539862526888751e-02 6.392000000000000455e+02 6.800000000000000000e+02
7.000000000000000000e+01 9.000000000000000000e+00 1.770663688425826165e-01 1.027080904662026339e-01 7.223999999999999773e+02 7.800000000000000000e+02
7.000000000000000000e+01 1.000000000000000000e+01 2.018842625553408376e-01 1.318488573713308132e-01 8.087999999999999545e+02 8.880000000000000000e+02
7.000000000000000000e+01 1.100000000000000000e+01 2.339071262211478430e-01 1.616404208743347504e-01 8.983999999999999773e+02 1.004000000000000000e+03
7.000000000000000000e+01 1.200000000000000000e+01 2.736538543929097345e-01 1.948006013826908411e-01 9.912000000000000455e+02 1.128000000000000000e+03
7.000000000000000000e+01 1.300000000000000000e+01 3.050515735196324130e-01 2.336326090235629760e-01 1.087200000000000045e+03 1.260000000000000000e+03
7.000000000000000000e+01 1.400000000000000000e+01 3.598901255042848968e-01 2.762221459288646819e-01 1.186400000000000091e+03 1.400000000000000000e+03
7.000000000000000000e+01 1.500000000000000000e+01 4.138132092026403086e-01 3.425056960104547743e-01 1.288799999999999955e+03 1.548000000000000000e+03
7.000000000000000000e+01 1.600000000000000000e+01 4.659655327847517792e-01 4.130327063366386886e-01 1.394400000000000091e+03 1.704000000000000000e+03
7.000000000000000000e+01 1.700000000000000000e+01 5.076300284018809839e-01 4.583522600417231918e-01 1.420000000000000000e+03 1.768000000000000000e+03
7.000000000000000000e+01 1.800000000000000000e+01 5.408966102032554124e-01 5.064564650406054858e-01 1.445599999999999909e+03 1.832000000000000000e+03
7.000000000000000000e+01 1.900000000000000000e+01 5.789154115844066251e-01 5.536768209342699532e-01 1.471200000000000045e+03 1.896000000000000000e+03
8.000000000000000000e+01 1.000000000000000000e+00 3.102741625313233057e-03 3.102741625313380942e-03 2.000000000000000000e+01 2.000000000000000000e+01
8.000000000000000000e+01 2.000000000000000000e+00 4.004040540972942167e-03 6.913351941429181011e-03 8.600000000000000000e+01 6.300000000000000000e+01
8.000000000000000000e+01 3.000000000000000000e+00 6.297871013953407031e-03 9.036155130145179931e-03 1.655999999999999943e+02 1.275999999999999943e+02
8.000000000000000000e+01 4.000000000000000000e+00 1.087963092360461417e-02 1.644439384780575428e-02 2.931999999999999886e+02 2.178000000000000114e+02
8.000000000000000000e+01 5.000000000000000000e+00 1.838467159024031669e-02 2.174489312610166508e-02 3.838000000000000114e+02 3.158000000000000114e+02
8.000000000000000000e+01 6.000000000000000000e+00 2.626203968916424741e-02 2.641479049821306505e-02 4.860000000000000000e+02 4.176000000000000227e+02
8.000000000000000000e+01 7.000000000000000000e+00 3.889407078203858253e-02 3.473454762674618029e-02 5.997999999999999545e+02 5.440000000000000000e+02
8.000000000000000000e+01 8.000000000000000000e+00 5.824428831922040528e-02 4.183977543920909536e-02 7.252000000000000455e+02 6.800000000000000000e+02
8.000000000000000000e+01 9.000000000000000000e+00 7.692859680738296790e-02 5.385566098972462135e-02 8.002000000000000455e+02 7.800000000000000000e+02
8.000000000000000000e+01 1.000000000000000000e+01 1.026307072978537710e-01 6.989779124037458213e-02 8.780000000000000000e+02 8.880000000000000000e+02
8.000000000000000000e+01 1.100000000000000000e+01 1.324743997882018853e-01 8.745318687126078794e-02 9.586000000000000227e+02 1.004000000000000000e+03
8.000000000000000000e+01 1.200000000000000000e+01 1.733059604231014794e-01 1.066112618909160342e-01 1.042000000000000000e+03 1.128000000000000000e+03
8.000000000000000000e+01 1.300000000000000000e+01 2.056121945184884170e-01 1.460792443636305116e-01 1.128200000000000045e+03 1.260000000000000000e+03
8.000000000000000000e+01 1.400000000000000000e+01 2.594002275447985228e-01 1.829176367142174020e-01 1.217200000000000045e+03 1.400000000000000000e+03
8.000000000000000000e+01 1.500000000000000000e+01 3.388608464279876942e-01 2.303786650969667227e-01 1.309000000000000000e+03 1.548000000000000000e+03
8.000000000000000000e+01 1.600000000000000000e+01 4.393985014883227125e-01 2.973970756597897891e-01 1.403599999999999909e+03 1.704000000000000000e+03
8.000000000000000000e+01 1.700000000000000000e+01 4.697678769646130847e-01 3.318004734170449943e-01 1.435599999999999909e+03 1.768000000000000000e+03
8.000000000000000000e+01 1.800000000000000000e+01 4.992124346324010586e-01 3.688233368631704812e-01 1.467599999999999909e+03 1.832000000000000000e+03
8.000000000000000000e+01 1.900000000000000000e+01 5.323291861322380081e-01 4.234910123212998201e-01 1.499599999999999909e+03 1.896000000000000000e+03
9.000000000000000000e+01 1.000000000000000000e+00 3.990487872328070916e-04 3.990487872328204273e-04 2.000000000000000000e+01 2.000000000000000000e+01
9.000000000000000000e+01 2.000000000000000000e+00 1.080758231408153296e-03 1.102764432461802047e-03 8.759999999999999432e+01 6.659999999999999432e+01
9.000000000000000000e+01 3.000000000000000000e+00 2.246996582158422399e-03 2.712369105039953796e-03 1.734000000000000057e+02 1.350000000000000000e+02
9.000000000000000000e+01 4.000000000000000000e+00 3.349052553289028240e-03 3.065863560610677507e-03 3.108000000000000114e+02 2.248000000000000114e+02
9.000000000000000000e+01 5.000000000000000000e+00 6.951750053314213751e-03 4.398827604127529371e-03 4.213999999999999773e+02 3.181999999999999886e+02
9.000000000000000000e+01 6.000000000000000000e+00 9.158399912734312837e-03 7.690598553599238378e-03 5.523999999999999773e+02 4.240000000000000000e+02
9.000000000000000000e+01 7.000000000000000000e+00 1.998805003464788552e-02 1.066022006407907341e-02 7.050000000000000000e+02 5.440000000000000000e+02
9.000000000000000000e+01 8.000000000000000000e+00 5.132014453402929111e-02 1.341010586854214995e-02 8.803999999999999773e+02 6.800000000000000000e+02
9.000000000000000000e+01 9.000000000000000000e+00 7.074150618125842060e-02 1.716942908279853880e-02 9.392000000000000455e+02 7.800000000000000000e+02
9.000000000000000000e+01 1.000000000000000000e+01 9.659347756839475885e-02 2.435129982772729976e-02 1.002000000000000000e+03 8.880000000000000000e+02
9.000000000000000000e+01 1.100000000000000000e+01 1.289231392579801572e-01 3.370197678656904755e-02 1.068799999999999955e+03 1.004000000000000000e+03
9.000000000000000000e+01 1.200000000000000000e+01 1.733759217542413522e-01 4.802862391289852706e-02 1.139599999999999909e+03 1.128000000000000000e+03
9.000000000000000000e+01 1.300000000000000000e+01 2.246959876005509282e-01 6.069569913148877005e-02 1.214400000000000091e+03 1.260000000000000000e+03
9.000000000000000000e+01 1.400000000000000000e+01 2.932349494103727028e-01 8.228068212896408329e-02 1.293200000000000045e+03 1.400000000000000000e+03
9.000000000000000000e+01 1.500000000000000000e+01 3.928314853173719978e-01 1.181973305552781739e-01 1.376000000000000000e+03 1.548000000000000000e+03
9.000000000000000000e+01 1.600000000000000000e+01 5.178850182106288225e-01 1.761327283059864468e-01 1.462799999999999955e+03 1.704000000000000000e+03
9.000000000000000000e+01 1.700000000000000000e+01 5.447561941817535835e-01 2.088768007938952564e-01 1.482000000000000000e+03 1.768000000000000000e+03
9.000000000000000000e+01 1.800000000000000000e+01 5.695592512675057284e-01 2.489886202260538361e-01 1.501200000000000045e+03 1.832000000000000000e+03
9.000000000000000000e+01 1.900000000000000000e+01 5.963120769816694366e-01 2.962944274783391174e-01 1.520400000000000091e+03 1.896000000000000000e+03
