1.000000000000000000e+01 1.000000000000000000e+00 7.953196181376778195e-01 7.953196181376805951e-01 7.953196181376815943e-01 2.400000000000000000e+01 2.400000000000000000e+01 2.400000000000000000e+01 1.355671882629394618e-03 4.092431068420410503e-03 8.842372894287109028e-03 5.404162406921386892e-03 2.293634414672851562e-02
1.000000000000000000e+01 4.000000000000000000e+00 9.998718721319317382e-01 9.999965679919176065e-01 9.999999999999953371e-01 6.592000000000000455e+02 9.279999999999999716e+01 4.600000000000000000e+01 1.316857337951660200e-03 4.048156738281250173e-03 9.135890007019042275e-03 5.080413818359374827e-03 2.600567340850830009e-02
1.000000000000000000e+01 7.000000000000000000e+00 9.999774820613834825e-01 9.999999991429284751e-01 9.999999999999953371e-01 1.269400000000000091e+03 1.318000000000000114e+02 4.600000000000000000e+01 1.294398307800293055e-03 4.054570198059081684e-03 8.781671524047851562e-03 4.294490814208984722e-03 2.816913127899169783e-02
1.000000000000000000e+01 1.000000000000000000e+01 9.999412222918320214e-01 9.999999999999957812e-01 9.999999999999953371e-01 1.900799999999999955e+03 1.484000000000000057e+02 4.600000000000000000e+01 1.326680183410644531e-03 4.039835929870605295e-03 8.796334266662597656e-03 4.291105270385742361e-03 3.017518520355224471e-02
1.000000000000000000e+01 1.300000000000000000e+01 9.999299721605025004e-01 9.999999999999957812e-01 9.999999999999953371e-01 2.532000000000000000e+03 1.484000000000000057e+02 4.600000000000000000e+01 1.303935050964355555e-03 4.133462905883789062e-03 9.311413764953613628e-03 6.942009925842285503e-03 3.306415081024170061e-02
1.000000000000000000e+01 1.600000000000000000e+01 9.999353408217854788e-01 9.999999999999957812e-01 9.999999999999953371e-01 3.206400000000000091e+03 1.484000000000000057e+02 4.600000000000000000e+01 1.304626464843750000e-03 4.094195365905761545e-03 8.824443817138672222e-03 5.396795272827148264e-03 3.376576900482177596e-02
1.000000000000000000e+01 1.900000000000000000e+01 9.999486636199199641e-01 9.999999999999957812e-01 9.999999999999953371e-01 3.532800000000000182e+03 1.484000000000000057e+02 4.600000000000000000e+01 1.352119445800781207e-03 4.096531867980956684e-03 9.080147743225098003e-03 4.442691802978515625e-03 3.914809226989746094e-02
1.000000000000000000e+01 2.200000000000000000e+01 9.999745918371498732e-01 9.999999999999957812e-01 9.999999999999953371e-01 3.859199999999999818e+03 1.484000000000000057e+02 4.600000000000000000e+01 1.381230354309082075e-03 4.106736183166504253e-03 8.821225166320801128e-03 4.304647445678710938e-03 3.628914356231689731e-02
1.000000000000000000e+01 2.500000000000000000e+01 9.999756365574757888e-01 9.999999999999957812e-01 9.999999999999953371e-01 4.185600000000000364e+03 1.484000000000000057e+02 4.600000000000000000e+01 1.334190368652343750e-03 4.069852828979492361e-03 8.882498741149902691e-03 4.322266578674316753e-03 3.699269294738769670e-02
1.000000000000000000e+01 2.800000000000000000e+01 9.999965468896135912e-01 9.999999999999957812e-01 9.999999999999953371e-01 4.512000000000000000e+03 1.484000000000000057e+02 4.600000000000000000e+01 1.340532302856445399e-03 4.089260101318359028e-03 8.963489532470702778e-03 4.304933547973632986e-03 3.822886943817138672e-02
1.000000000000000000e+01 3.100000000000000000e+01 9.999998961979091883e-01 9.999999999999957812e-01 9.999999999999953371e-01 4.838399999999999636e+03 1.484000000000000057e+02 4.600000000000000000e+01 1.305580139160156250e-03 4.035758972167968923e-03 8.836078643798827431e-03 4.309487342834472483e-03 3.937814235687255721e-02
1.000000000000000000e+01 3.400000000000000000e+01 9.999999999999908962e-01 9.999999999999957812e-01 9.999999999999953371e-01 4.972800000000000182e+03 1.484000000000000057e+02 4.600000000000000000e+01 1.302123069763183594e-03 4.035425186157226389e-03 8.762407302856444619e-03 4.317116737365722483e-03 3.661060333251953125e-02
1.000000000000000000e+01 3.700000000000000000e+01 9.999999999999908962e-01 9.999999999999957812e-01 9.999999999999953371e-01 5.011199999999999818e+03 1.484000000000000057e+02 4.600000000000000000e+01 1.327371597290038976e-03 4.021048545837402344e-03 8.746147155761718750e-03 4.292345046997070659e-03 3.600149154663086215e-02
4.000000000000000000e+01 1.000000000000000000e+00 3.826815162853679231e-02 3.826815162853721558e-02 3.826815162853717395e-02 2.400000000000000000e+01 2.400000000000000000e+01 2.400000000000000000e+01 1.315212249755859288e-03 5.291509628295898611e-03 2.951383590698242188e-02 2.217383384704589913e-02 1.456874608993530273e-01
4.000000000000000000e+01 4.000000000000000000e+00 3.402411695896765953e-01 2.240361555519938541e-01 3.236426353314494908e-01 6.096000000000000227e+02 2.384000000000000057e+02 2.341999999999999886e+02 1.341390609741210894e-03 5.445742607116698872e-03 3.155946731567382812e-02 2.408235073089599540e-02 1.636775016784667858e-01
4.000000000000000000e+01 7.000000000000000000e+00 5.002207343340323575e-01 3.827969416750446330e-01 5.068445506753478380e-01 1.348200000000000045e+03 6.740000000000000000e+02 6.302000000000000455e+02 1.413083076477050695e-03 5.426335334777832205e-03 3.387403488159179688e-02 2.434580326080322196e-02 1.935508966445922963e-01
4.000000000000000000e+01 1.000000000000000000e+01 6.830859908037461015e-01 5.153679164522591005e-01 6.597004435124834698e-01 2.008799999999999955e+03 1.191000000000000000e+03 1.059400000000000091e+03 1.367425918579101476e-03 5.328965187072753733e-03 3.582119941711425781e-02 2.480597496032714913e-02 2.160332441329955999e-01
4.000000000000000000e+01 1.300000000000000000e+01 7.643701516662805284e-01 6.420813862091183655e-01 7.525823668368852859e-01 2.579400000000000091e+03 1.745200000000000045e+03 1.587799999999999955e+03 1.400518417358398394e-03 5.571103096008301128e-03 3.626887798309326449e-02 2.637336254119872908e-02 2.399077892303466686e-01
4.000000000000000000e+01 1.600000000000000000e+01 8.617800066985438212e-01 7.512544923108226413e-01 8.496846102445406723e-01 3.211199999999999818e+03 2.415400000000000091e+03 2.172199999999999818e+03 1.342177391052246094e-03 5.342459678649902691e-03 3.839020729064941684e-02 2.663331031799316337e-02 2.792880058288574330e-01
4.000000000000000000e+01 1.900000000000000000e+01 8.997398543231952539e-01 8.025844449873776876e-01 8.879508802368418774e-01 3.541199999999999818e+03 2.838400000000000091e+03 2.538400000000000091e+03 1.367902755737304601e-03 5.371904373168945659e-03 3.838436603546142856e-02 2.674505710601806502e-02 2.960091352462768666e-01
4.000000000000000000e+01 2.200000000000000000e+01 9.248645873993368571e-01 8.537701101783907731e-01 9.239735634292003397e-01 3.878400000000000091e+03 3.301000000000000000e+03 2.970599999999999909e+03 1.406860351562500043e-03 5.370950698852539409e-03 3.888235092163085799e-02 2.711734771728515486e-02 3.014025688171386719e-01
4.000000000000000000e+01 2.500000000000000000e+01 9.467888579329940546e-01 8.970668434508942690e-01 9.481572302550625997e-01 4.222800000000000182e+03 3.915400000000000091e+03 3.464800000000000182e+03 1.393914222717285156e-03 5.453705787658691406e-03 4.064290523529053012e-02 2.805547714233398368e-02 3.076763153076171875e-01
4.000000000000000000e+01 2.800000000000000000e+01 9.643290450576381678e-01 9.287918851607883663e-01 9.663202351719343275e-01 4.574399999999999636e+03 4.489000000000000000e+03 3.944199999999999818e+03 1.387858390808105555e-03 5.406284332275390278e-03 4.151239395141601701e-02 2.852478027343750139e-02 3.338410377502441517e-01
4.000000000000000000e+01 3.100000000000000000e+01 9.782310204114803565e-01 9.542583314764844227e-01 9.808127803058740435e-01 4.933199999999999818e+03 5.105800000000000182e+03 4.399399999999999636e+03 1.444792747497558507e-03 5.420899391174316753e-03 4.288935661315917969e-02 2.981500625610351493e-02 3.447852611541747936e-01
4.000000000000000000e+01 3.400000000000000000e+01 9.862680089366900882e-01 9.691783656268334601e-01 9.883521786731888081e-01 5.131199999999999818e+03 5.474600000000000364e+03 4.558600000000000364e+03 1.459908485412597700e-03 5.776262283325195659e-03 4.513721466064453403e-02 3.076846599578857491e-02 3.566918611526489480e-01
4.000000000000000000e+01 3.700000000000000000e+01 9.882152673193894676e-01 9.752234800498481571e-01 9.912524104128761504e-01 5.246399999999999636e+03 5.705000000000000000e+03 4.769800000000000182e+03 1.470541954040527257e-03 5.520892143249511545e-03 4.537115097045898299e-02 3.079597949981689384e-02 3.578157901763915905e-01
7.000000000000000000e+01 1.000000000000000000e+00 2.901936521695926835e-03 2.901936521696007500e-03 2.901936521695989285e-03 2.400000000000000000e+01 2.400000000000000000e+01 2.400000000000000000e+01 1.401948928833007769e-03 6.679844856262206858e-03 5.119032859802245816e-02 5.156981945037841797e-02 4.336500167846679688e-01
7.000000000000000000e+01 4.000000000000000000e+00 1.580179643571685486e-02 1.349026487852094183e-02 1.825610093979628326e-02 6.460000000000000000e+02 2.723999999999999773e+02 2.711999999999999886e+02 1.489138603210449132e-03 6.549453735351562847e-03 5.388567447662353377e-02 4.458141326904296875e-02 4.445999383926391713e-01
7.000000000000000000e+01 7.000000000000000000e+00 5.551648206406616104e-02 3.400247997179542403e-02 3.898992199412187887e-02 1.348000000000000000e+03 7.400000000000000000e+02 7.310000000000000000e+02 1.440191268920898524e-03 6.709814071655273438e-03 5.860939025878906389e-02 4.719796180725097795e-02 5.135371446609496848e-01
7.000000000000000000e+01 1.000000000000000000e+01 1.369363810552009508e-01 6.324487300069292495e-02 6.757585699160283121e-02 2.037200000000000045e+03 1.288000000000000000e+03 1.268799999999999955e+03 1.435828208923339887e-03 6.596589088439941059e-03 6.192348003387451033e-02 5.042760372161865512e-02 5.727618932723999023e-01
7.000000000000000000e+01 1.300000000000000000e+01 2.566524334610729152e-01 1.144350505681008406e-01 1.203111633770730104e-01 2.697800000000000182e+03 1.936000000000000000e+03 1.903000000000000000e+03 1.393532752990722570e-03 6.562995910644531423e-03 6.677582263946532648e-02 5.325577259063720564e-02 6.353145122528076616e-01
7.000000000000000000e+01 1.600000000000000000e+01 4.350617522330422204e-01 1.913674858495421349e-01 1.918803212993756280e-01 3.455599999999999909e+03 2.728000000000000000e+03 2.677599999999999909e+03 1.447772979736328038e-03 6.565785408020019878e-03 7.325127124786376398e-02 5.816915035247802873e-02 7.358791112899780718e-01
7.000000000000000000e+01 1.900000000000000000e+01 4.881285263358468574e-01 2.459313913844646537e-01 2.507517449248076735e-01 3.770000000000000000e+03 3.340000000000000000e+03 3.268599999999999909e+03 1.729011535644531250e-03 6.549525260925293142e-03 7.639424800872803012e-02 6.111512184143066267e-02 7.208223104476928489e-01
7.000000000000000000e+01 2.200000000000000000e+01 5.529428602868574627e-01 3.174283816589349994e-01 3.295965426806523046e-01 4.098800000000000182e+03 4.024000000000000000e+03 3.928000000000000000e+03 1.392579078674316320e-03 6.579899787902831684e-03 8.054728507995605191e-02 6.447694301605225164e-02 9.362906694412231889e-01
7.000000000000000000e+01 2.500000000000000000e+01 6.266097509741832550e-01 4.040928548008769772e-01 4.233991721825175469e-01 4.442000000000000000e+03 4.780000000000000000e+03 4.655800000000000182e+03 1.506137847900390582e-03 6.589913368225097309e-03 8.516793251037597934e-02 6.758995056152343472e-02 8.968900680541992410e-01
7.000000000000000000e+01 2.800000000000000000e+01 7.045407820330912285e-01 5.105071334958781737e-01 5.356570690572801663e-01 4.799600000000000364e+03 5.608000000000000000e+03 5.452000000000000000e+03 1.459169387817382769e-03 6.610536575317382466e-03 9.172282218933106024e-02 7.263579368591308039e-02 9.332742691040039062e-01
7.000000000000000000e+01 3.100000000000000000e+01 7.968267528788393061e-01 6.428364567472383273e-01 6.622114917262816869e-01 5.171600000000000364e+03 6.508000000000000000e+03 6.316600000000000364e+03 2.250218391418457118e-03 9.369754791259765278e-03 9.849679470062255859e-02 9.082462787628173273e-02 9.853451251983642578e-01
7.000000000000000000e+01 3.400000000000000000e+01 8.498225104328385182e-01 7.227226770255408272e-01 7.385021519371053333e-01 5.344399999999999636e+03 7.054399999999999636e+03 6.850399999999999636e+03 1.481628417968749913e-03 6.626391410827636372e-03 1.141359329223632785e-01 9.020855426788329523e-02 9.277734041213989702e-01
7.000000000000000000e+01 3.700000000000000000e+01 8.760058097453665704e-01 7.664532363176136398e-01 7.857605242707345061e-01 5.415800000000000182e+03 7.400000000000000000e+03 7.196000000000000000e+03 1.435160636901855469e-03 6.601905822753906597e-03 1.160123109817504938e-01 9.036047458648681363e-02 9.961638450622558594e-01
1.000000000000000000e+02 1.000000000000000000e+00 3.262036401922388008e-04 3.262036401922545218e-04 3.262036401922482334e-04 2.400000000000000000e+01 2.400000000000000000e+01 2.400000000000000000e+01 1.481819152832031207e-03 6.310367584228515278e-03 7.127578258514404019e-02 6.239857673645019670e-02 7.900133848190307173e-01
1.000000000000000000e+02 4.000000000000000000e+00 1.402782126362261570e-03 1.704720543960847783e-03 1.856978960437948370e-03 4.780000000000000000e+02 2.545999999999999943e+02 2.723999999999999773e+02 1.524877548217773481e-03 6.558609008789062327e-03 7.568891048431396207e-02 6.915826797485351285e-02 8.779634714126587358e-01
1.000000000000000000e+02 7.000000000000000000e+00 5.848367795076987036e-03 3.622045578343874479e-03 4.397536419282237902e-03 1.054599999999999909e+03 7.400000000000000000e+02 7.400000000000000000e+02 1.412796974182128863e-03 6.378960609436034983e-03 8.187654018402099054e-02 7.122550010681152899e-02 9.711121797561645952e-01
1.000000000000000000e+02 1.000000000000000000e+01 1.324773536293098741e-02 7.899086924007463900e-03 7.451685137183805541e-03 1.658000000000000000e+03 1.288000000000000000e+03 1.280799999999999955e+03 1.454496383666992274e-03 6.455159187316894878e-03 9.040787220001220148e-02 7.827491760253905972e-02 1.091202807426452592e+00
1.000000000000000000e+02 1.300000000000000000e+01 2.671320217118047097e-02 1.224442195298893789e-02 1.416812620216870502e-02 2.203400000000000091e+03 1.936000000000000000e+03 1.931799999999999955e+03 1.457691192626953125e-03 6.473135948181152170e-03 1.001091957092285212e-01 8.676943778991699774e-02 1.172978854179382413e+00
1.000000000000000000e+02 1.600000000000000000e+01 5.573164405665931298e-02 1.847585273567678432e-02 2.407546862700368773e-02 2.788400000000000091e+03 2.728000000000000000e+03 2.723199999999999818e+03 1.535344123840331988e-03 6.936120986938476736e-03 1.132543563842773465e-01 9.836950302124022882e-02 1.255153393745422452e+00
1.000000000000000000e+02 1.900000000000000000e+01 8.850022523775313843e-02 3.157137911424878068e-02 3.487605555259534057e-02 3.255199999999999818e+03 3.340000000000000000e+03 3.340000000000000000e+03 1.565003395080566493e-03 6.358766555786132466e-03 1.195721149444580050e-01 1.035185813903808649e-01 1.313947868347167924e+00
1.000000000000000000e+02 2.200000000000000000e+01 1.297746493495636477e-01 4.717495951797848197e-02 5.277163053064409803e-02 3.743599999999999909e+03 4.024000000000000000e+03 4.024000000000000000e+03 1.470494270324706988e-03 6.344246864318847830e-03 1.302077770233154297e-01 1.114831924438476618e-01 1.319613075256347745e+00
1.000000000000000000e+02 2.500000000000000000e+01 1.803038325277674658e-01 6.897934431620819651e-02 7.656338007132526546e-02 4.253600000000000364e+03 4.780000000000000000e+03 4.780000000000000000e+03 1.452851295471191363e-03 6.366372108459472656e-03 1.397816181182861273e-01 1.212546110153198270e-01 1.382293748855590865e+00
1.000000000000000000e+02 2.800000000000000000e+01 2.497890461203343404e-01 1.009173636090747450e-01 1.144546987797055715e-01 4.785199999999999818e+03 5.608000000000000000e+03 5.608000000000000000e+03 1.521182060241699262e-03 6.359601020812987934e-03 1.628695964813232366e-01 1.330660104751587025e-01 1.442353940010070890e+00
1.000000000000000000e+02 3.100000000000000000e+01 3.580477683479194595e-01 1.517145662438214582e-01 1.756908604714601529e-01 5.338399999999999636e+03 6.508000000000000000e+03 6.508000000000000000e+03 1.551318168640136675e-03 6.387352943420410156e-03 1.737912893295288086e-01 1.478624343872070312e-01 1.523919320106506436e+00
1.000000000000000000e+02 3.400000000000000000e+01 4.375495864417325298e-01 2.124468284948554386e-01 2.439957165450588605e-01 5.656399999999999636e+03 7.080000000000000000e+03 7.080000000000000000e+03 1.539182662963867231e-03 6.460428237915039062e-03 2.041419982910156194e-01 1.802062511444091908e-01 1.609399580955505282e+00
1.000000000000000000e+02 3.700000000000000000e+01 4.919163895305302958e-01 2.780594103535997119e-01 3.145816030600395719e-01 5.852600000000000364e+03 7.464000000000000000e+03 7.464000000000000000e+03 1.444745063781738238e-03 6.399989128112792969e-03 2.105515241622924749e-01 1.785413265228271429e-01 1.631362080574035645e+00
1.300000000000000000e+02 1.000000000000000000e+00 6.992716743860750398e-05 6.992716743861203052e-05 6.992716743861194920e-05 2.400000000000000000e+01 2.400000000000000000e+01 2.400000000000000000e+01 1.546478271484374913e-03 4.293823242187499653e-03 9.817674160003661554e-02 8.395166397094726285e-02 1.293256711959838823e+00
1.300000000000000000e+02 4.000000000000000000e+00 2.116323856024681510e-04 3.123311311589129424e-04 2.168930031295990496e-04 5.772000000000000455e+02 2.700000000000000000e+02 2.748000000000000114e+02 1.757979393005371094e-03 4.385256767272948872e-03 1.046274423599243136e-01 8.866131305694580078e-02 1.308196210861205966e+00
1.300000000000000000e+02 7.000000000000000000e+00 3.371307380782761261e-03 4.391046525572373069e-04 5.961529771299150333e-04 1.426200000000000045e+03 7.197999999999999545e+02 7.377999999999999545e+02 1.672172546386718837e-03 4.253482818603515972e-03 1.147164344787597601e-01 9.536340236663817804e-02 1.453381776809692383e+00
1.300000000000000000e+02 1.000000000000000000e+01 2.410770370475881150e-02 9.258648268562645394e-04 1.612779554075385782e-03 2.158800000000000182e+03 1.288000000000000000e+03 1.288000000000000000e+03 1.753759384155273481e-03 4.371619224548340191e-03 1.267516136169433705e-01 1.059075355529785212e-01 1.679421901702880859e+00
1.300000000000000000e+02 1.300000000000000000e+01 6.353050101558221918e-02 1.922808379438799634e-03 2.863596488915658763e-03 2.741400000000000091e+03 1.931799999999999955e+03 1.936000000000000000e+03 1.869034767150878950e-03 4.369497299194335938e-03 1.605716943740844727e-01 1.268690109252929576e-01 1.728033185005187988e+00
1.300000000000000000e+02 1.600000000000000000e+01 1.485240309720725627e-01 2.730808478336608537e-03 6.131465903131478462e-03 3.370800000000000182e+03 2.728000000000000000e+03 2.728000000000000000e+03 1.773548126220703168e-03 5.030322074890136892e-03 1.840470314025878795e-01 1.394439935684204102e-01 1.856432938575744540e+00
1.300000000000000000e+02 1.900000000000000000e+01 1.763918236839920606e-01 5.171558621989067600e-03 9.552502572809467435e-03 3.664199999999999818e+03 3.340000000000000000e+03 3.340000000000000000e+03 1.700854301452636632e-03 4.265165328979492534e-03 1.717046737670898382e-01 1.392175912857055720e-01 1.959866309165954501e+00
1.300000000000000000e+02 2.200000000000000000e+01 2.132834403681527768e-01 9.181057468378106545e-03 1.701088782308308664e-02 3.968400000000000091e+03 4.024000000000000000e+03 4.024000000000000000e+03 1.718378067016601476e-03 4.327273368835449566e-03 1.864021539688110463e-01 1.512880325317382812e-01 1.936597728729247958e+00
1.300000000000000000e+02 2.500000000000000000e+01 2.658758545845859578e-01 1.521577427184102674e-02 2.570465209805182158e-02 4.283399999999999636e+03 4.780000000000000000e+03 4.780000000000000000e+03 1.812458038330078125e-03 4.330253601074219097e-03 2.035318851470947210e-01 1.625807523727416937e-01 2.004872989654541193e+00
1.300000000000000000e+02 2.800000000000000000e+01 3.416863911571140222e-01 2.999956852655924489e-02 4.574947113698613066e-02 4.609199999999999818e+03 5.608000000000000000e+03 5.608000000000000000e+03 2.196002006530761892e-03 4.299712181091308420e-03 2.301407098770141546e-01 1.838747262954711914e-01 2.171025085449218572e+00
1.300000000000000000e+02 3.100000000000000000e+01 4.615445086851696077e-01 6.577585418648282389e-02 9.720257109506499904e-02 4.945800000000000182e+03 6.508000000000000000e+03 6.508000000000000000e+03 1.820468902587890712e-03 4.363489151000976389e-03 2.472842693328857477e-01 1.966134071350097712e-01 2.142440795898437500e+00
1.300000000000000000e+02 3.400000000000000000e+01 5.337604750617677141e-01 1.092669961311455162e-01 1.612245330438765722e-01 5.137199999999999818e+03 7.080000000000000000e+03 7.080000000000000000e+03 1.746368408203125043e-03 4.310464859008789409e-03 3.059740781784057728e-01 2.395746707916259766e-01 2.262655138969421387e+00
1.300000000000000000e+02 3.700000000000000000e+01 5.590518228800220868e-01 1.494880043208515474e-01 2.181205999479566837e-01 5.252399999999999636e+03 7.464000000000000000e+03 7.464000000000000000e+03 1.829123497009277257e-03 4.368352890014648611e-03 3.058290004730224720e-01 2.404971837997436634e-01 2.268229460716247647e+00
1.600000000000000000e+02 1.000000000000000000e+00 1.031471568117242470e-05 1.031471568117325818e-05 1.031471568117290751e-05 2.400000000000000000e+01 2.400000000000000000e+01 2.400000000000000000e+01 2.613139152526855295e-03 6.422972679138183941e-03 1.269228219985961970e-01 1.201256513595581055e-01 1.597839782238006556e+01
1.600000000000000000e+02 4.000000000000000000e+00 4.244378202346865974e-05 2.889116658529652660e-05 4.739210982035532043e-05 5.091999999999999886e+02 2.621999999999999886e+02 2.691999999999999886e+02 4.530239105224609548e-03 6.807398796081542795e-03 1.404644250869750977e-01 1.360780477523803600e-01 1.673866827487945486e+01
1.600000000000000000e+02 7.000000000000000000e+00 1.019841457672159972e-04 6.676998840481576821e-05 8.223743476043538132e-05 1.137400000000000091e+03 7.312000000000000455e+02 7.303999999999999773e+02 2.758145332336425781e-03 7.186555862426757466e-03 1.618335723876953014e-01 1.487570285797119030e-01 1.636226143836974956e+01
1.600000000000000000e+02 1.000000000000000000e+01 4.119172555713442323e-04 8.406878873993697896e-05 1.298051843675814584e-04 1.818000000000000000e+03 1.288000000000000000e+03 1.268200000000000045e+03 4.242110252380371267e-03 7.000422477722168316e-03 1.700916290283203125e-01 1.628799438476562500e-01 1.656982660293579102e+01
1.600000000000000000e+02 1.300000000000000000e+01 4.878186175600199813e-03 1.815615474103600207e-04 2.363410376737671746e-04 2.514000000000000000e+03 1.936000000000000000e+03 1.936000000000000000e+03 4.318809509277344097e-03 6.838321685791015625e-03 1.848866462707519642e-01 1.802163124084472656e-01 1.700578672885894704e+01
1.600000000000000000e+02 1.600000000000000000e+01 1.156936432348434352e-01 4.183513751901963141e-04 3.905955940820093181e-04 3.296400000000000091e+03 2.728000000000000000e+03 2.728000000000000000e+03 5.369997024536133159e-03 6.875705718994140452e-03 2.134448051452636774e-01 1.998534440994262640e-01 1.649000341892242361e+01
1.600000000000000000e+02 1.900000000000000000e+01 1.306897549195510655e-01 7.873267843371320029e-04 8.319657759953098331e-04 3.604800000000000182e+03 3.319000000000000000e+03 3.340000000000000000e+03 3.389930725097656163e-03 7.053685188293456858e-03 2.248880863189697266e-01 2.089346408843994196e-01 1.713832111358642507e+01
1.600000000000000000e+02 2.200000000000000000e+01 1.507638165666700114e-01 1.681288916191781696e-03 2.247317760800394016e-03 3.934800000000000182e+03 4.024000000000000000e+03 4.024000000000000000e+03 7.453513145446777170e-03 7.314777374267578472e-03 2.488540887832641491e-01 2.292549371719360407e-01 1.750550680160522532e+01
1.600000000000000000e+02 2.500000000000000000e+01 1.883063765084964092e-01 3.689781669611735902e-03 4.980722362026171121e-03 4.286399999999999636e+03 4.780000000000000000e+03 4.780000000000000000e+03 3.033995628356933594e-03 6.863307952880859202e-03 2.696727037429809681e-01 2.432043790817260687e-01 1.680068473815918040e+01
1.600000000000000000e+02 2.800000000000000000e+01 2.433558367451357507e-01 6.961927653825326912e-03 1.288490599065307551e-02 4.659600000000000364e+03 5.608000000000000000e+03 5.608000000000000000e+03 6.979680061340332378e-03 6.609272956848144358e-03 2.933778524398803489e-01 2.682286262512206809e-01 1.780746991634368825e+01
1.600000000000000000e+02 3.100000000000000000e+01 3.533439248805134159e-01 1.856083967187269201e-02 3.002113402269740439e-02 5.054399999999999636e+03 6.508000000000000000e+03 6.508000000000000000e+03 5.009102821350097830e-03 7.260942459106444966e-03 3.363801956176757924e-01 3.160109519958496094e-01 1.776806583404540874e+01
1.600000000000000000e+02 3.400000000000000000e+01 4.186257767751303538e-01 3.461851551744804523e-02 5.518482680844979255e-02 5.293199999999999818e+03 7.080000000000000000e+03 7.080000000000000000e+03 4.707765579223632639e-03 6.883573532104492014e-03 3.849442005157470703e-01 3.468035697937011941e-01 1.733227603435516428e+01
1.600000000000000000e+02 3.700000000000000000e+01 4.310131641659071811e-01 5.570066781544540102e-02 9.393915244932167508e-02 5.446800000000000182e+03 7.464000000000000000e+03 7.464000000000000000e+03 3.310465812683105555e-03 6.813216209411621267e-03 3.886594772338867188e-01 3.512561559677124245e-01 1.822885746955871511e+01
1.900000000000000000e+02 1.000000000000000000e+00 2.160204800367827156e-06 2.160204800367952517e-06 2.160204800367966917e-06 2.400000000000000000e+01 2.400000000000000000e+01 2.400000000000000000e+01 2.505445480346679774e-03 7.179093360900878733e-03 1.494620561599731556e-01 1.442826271057128795e-01 2.386981203556060649e+01
1.900000000000000000e+02 4.000000000000000000e+00 3.071996946531281212e-06 5.353402702653301393e-06 6.584454741983325903e-06 4.363999999999999773e+02 2.570000000000000000e+02 2.361999999999999886e+02 6.696748733520507986e-03 7.746577262878417969e-03 1.672370195388794001e-01 1.710569858551025391e-01 2.324706356525421214e+01
1.900000000000000000e+02 7.000000000000000000e+00 1.435838981828553115e-05 1.384904970899501827e-05 1.288515070889699627e-05 1.028599999999999909e+03 7.317999999999999545e+02 7.330000000000000000e+02 5.445647239685058767e-03 7.741045951843261545e-03 1.837827444076537975e-01 1.791580200195312389e-01 2.154393370151519704e+01
1.900000000000000000e+02 1.000000000000000000e+01 2.709796301678474647e-05 2.004679645100948085e-05 3.312843839707618781e-05 1.638799999999999955e+03 1.288000000000000000e+03 1.288000000000000000e+03 8.157992362976073872e-03 9.644079208374022744e-03 1.952802658081054799e-01 1.931308984756469616e-01 2.076641030311584402e+01
1.900000000000000000e+02 1.300000000000000000e+01 8.630785618750523775e-05 4.085407574501031972e-05 4.166266372665050605e-05 2.221400000000000091e+03 1.936000000000000000e+03 1.936000000000000000e+03 5.870318412780762066e-03 7.677006721496582205e-03 2.205028533935546875e-01 2.131836175918579157e-01 2.094761629104614187e+01
1.900000000000000000e+02 1.600000000000000000e+01 1.341608716975893362e-03 7.326678892086453524e-05 8.801818506756521881e-05 2.865199999999999818e+03 2.728000000000000000e+03 2.728000000000000000e+03 5.004429817199706684e-03 7.506561279296874827e-03 2.441444158554077204e-01 2.397967815399169866e-01 2.033338184356689382e+01
1.900000000000000000e+02 1.900000000000000000e+01 2.906485613479230408e-03 9.068704914633845518e-05 2.130558048594402706e-04 3.291199999999999818e+03 3.340000000000000000e+03 3.340000000000000000e+03 4.731106758117675955e-03 7.537555694580077952e-03 2.660474300384521595e-01 2.603604316711425892e-01 2.144816038608551167e+01
1.900000000000000000e+02 2.200000000000000000e+01 7.441736013628024067e-03 1.830829937448078166e-04 2.240654969146304730e-04 3.724400000000000091e+03 4.024000000000000000e+03 4.024000000000000000e+03 5.292916297912597309e-03 8.008599281311035156e-03 2.865775823593139648e-01 2.822356700897216686e-01 2.169224171638488841e+01
1.900000000000000000e+02 2.500000000000000000e+01 1.876545812038404176e-02 3.686765638308495412e-04 7.280113808338588939e-04 4.164800000000000182e+03 4.780000000000000000e+03 4.780000000000000000e+03 5.138802528381347830e-03 7.550740242004394184e-03 3.126438140869140514e-01 3.078068256378173606e-01 2.120517678260803152e+01
1.900000000000000000e+02 2.800000000000000000e+01 4.517658548366869364e-02 1.084606335040766943e-03 2.729981635420505089e-03 4.612399999999999636e+03 5.608000000000000000e+03 5.608000000000000000e+03 6.610870361328125000e-03 7.971334457397460244e-03 3.519774913787842019e-01 3.444796085357665905e-01 1.977679185867309641e+01
1.900000000000000000e+02 3.100000000000000000e+01 1.060584764834170413e-01 3.432241095173050368e-03 5.954045538058600102e-03 5.067199999999999818e+03 6.508000000000000000e+03 6.508000000000000000e+03 4.955673217773437153e-03 7.452392578124999653e-03 3.906387567520141491e-01 3.711501598358154519e-01 2.060925512313842844e+01
1.900000000000000000e+02 3.400000000000000000e+01 1.631576950876618137e-01 7.297272011701420695e-03 1.338079726059786777e-02 5.349199999999999818e+03 7.080000000000000000e+03 7.080000000000000000e+03 5.497407913208007639e-03 7.481312751770019878e-03 4.698871612548828347e-01 4.362290143966675027e-01 2.209286868572235107e+01
1.900000000000000000e+02 3.700000000000000000e+01 1.877409768069871476e-01 1.546996175021126199e-02 2.677561608008438565e-02 5.545399999999999636e+03 7.464000000000000000e+03 7.464000000000000000e+03 1.537814140319824184e-02 7.896900177001953125e-03 4.729006052017211692e-01 4.535287380218505637e-01 2.096088190078735281e+01
