1.000000000000000000e+01 1.000000000000000000e+00 7.048400682802977713e-01 7.048400682803002137e-01 7.048400682802998807e-01 2.000000000000000000e+01 2.000000000000000000e+01 2.000000000000000000e+01 1.294875144958496180e-03 2.145862579345703038e-03 7.013988494873046702e-03 5.288386344909667622e-03 2.320983409881591936e-02
1.000000000000000000e+01 4.000000000000000000e+00 9.999999999999914513e-01 9.882688433197541755e-01 9.938713915268249099e-01 4.668000000000000114e+02 1.110000000000000000e+02 6.079999999999999716e+01 1.154947280883789019e-03 2.045130729675292882e-03 7.434701919555664409e-03 4.779744148254394705e-03 1.992933750152587821e-02
1.000000000000000000e+01 7.000000000000000000e+00 9.999999999999920064e-01 9.994239139422245177e-01 9.996840404884512754e-01 7.643999999999999773e+02 1.404000000000000057e+02 7.220000000000000284e+01 1.181697845458984288e-03 2.040028572082519531e-03 6.937980651855468750e-03 4.096674919128418142e-03 1.989436149597167969e-02
1.000000000000000000e+01 1.000000000000000000e+01 9.999999999999913403e-01 9.999999999999958922e-01 9.999999999999957812e-01 9.780000000000000000e+02 1.525999999999999943e+02 7.679999999999999716e+01 1.157426834106445399e-03 2.061462402343749913e-03 7.366681098937987934e-03 4.154133796691894705e-03 2.029833793640136580e-02
1.000000000000000000e+01 1.300000000000000000e+01 9.999999999999923395e-01 9.999999999999958922e-01 9.999999999999957812e-01 1.139400000000000091e+03 1.525999999999999943e+02 7.679999999999999716e+01 1.173377037048339844e-03 2.009201049804687673e-03 6.828188896179199219e-03 4.109287261962890278e-03 1.983294486999511580e-02
1.000000000000000000e+01 1.600000000000000000e+01 9.999999999999925615e-01 9.999999999999958922e-01 9.999999999999957812e-01 1.311599999999999909e+03 1.525999999999999943e+02 7.679999999999999716e+01 1.167035102844238195e-03 2.085256576538086111e-03 6.785583496093749827e-03 4.079389572143554861e-03 1.999008655548095703e-02
1.000000000000000000e+01 1.900000000000000000e+01 9.999999999999922284e-01 9.999999999999958922e-01 9.999999999999957812e-01 1.330799999999999955e+03 1.525999999999999943e+02 7.679999999999999716e+01 1.165509223937988281e-03 2.043795585632324045e-03 6.779384613037109202e-03 4.060435295104980642e-03 1.952133178710937361e-02
1.000000000000000000e+01 2.200000000000000000e+01 9.999999999999928946e-01 9.999999999999958922e-01 9.999999999999957812e-01 1.350000000000000000e+03 1.525999999999999943e+02 7.679999999999999716e+01 1.179575920104980469e-03 2.059340476989746094e-03 6.775569915771484202e-03 4.144668579101562500e-03 1.953580379486084123e-02
1.000000000000000000e+01 2.500000000000000000e+01 9.999999999999926725e-01 9.999999999999958922e-01 9.999999999999957812e-01 1.369200000000000045e+03 1.525999999999999943e+02 7.679999999999999716e+01 1.162934303283691363e-03 2.065443992614746180e-03 6.761837005615234548e-03 4.102897644042968577e-03 1.954400539398193359e-02
1.000000000000000000e+01 2.800000000000000000e+01 9.999999999999928946e-01 9.999999999999958922e-01 9.999999999999957812e-01 1.388400000000000091e+03 1.525999999999999943e+02 7.679999999999999716e+01 1.174330711364746094e-03 2.012920379638671702e-03 6.718897819519042622e-03 4.072093963623046528e-03 1.954209804534912109e-02
1.000000000000000000e+01 3.100000000000000000e+01 9.999999999999925615e-01 9.999999999999958922e-01 9.999999999999957812e-01 1.407599999999999909e+03 1.525999999999999943e+02 7.679999999999999716e+01 1.162409782409667969e-03 2.083492279052734202e-03 6.856155395507812327e-03 4.198527336120605816e-03 1.959080696105957101e-02
1.000000000000000000e+01 3.400000000000000000e+01 9.999999999999925615e-01 9.999999999999958922e-01 9.999999999999957812e-01 1.414000000000000000e+03 1.525999999999999943e+02 7.679999999999999716e+01 1.154279708862304601e-03 2.048254013061523438e-03 6.867623329162598003e-03 4.121971130371093577e-03 1.970608234405517648e-02
1.000000000000000000e+01 3.700000000000000000e+01 9.999999999999925615e-01 9.999999999999958922e-01 9.999999999999957812e-01 1.414000000000000000e+03 1.525999999999999943e+02 7.679999999999999716e+01 1.157760620117187500e-03 2.046799659729003820e-03 7.226896286010742014e-03 4.103302955627441406e-03 2.375879287719726701e-02
4.000000000000000000e+01 1.000000000000000000e+00 6.463511995742464433e-02 6.463511995742557414e-02 6.463511995742540761e-02 2.000000000000000000e+01 2.000000000000000000e+01 2.000000000000000000e+01 1.246023178100585894e-03 2.651429176330566320e-03 2.594892978668212821e-02 1.999635696411132882e-02 1.336662769317626953e-01
4.000000000000000000e+01 4.000000000000000000e+00 3.152150825167704395e-01 2.550316372913784546e-01 3.132992355478850799e-01 2.571999999999999886e+02 2.140000000000000000e+02 2.035999999999999943e+02 1.202225685119628906e-03 3.577971458435058680e-03 2.692425251007080078e-02 2.309031486511230538e-02 1.399423837661743220e-01
4.000000000000000000e+01 7.000000000000000000e+00 5.279690324253698552e-01 4.220272379161428833e-01 5.312785133076375343e-01 5.637999999999999545e+02 5.190000000000000000e+02 5.163999999999999773e+02 1.240801811218261762e-03 2.813887596130370920e-03 2.811808586120605538e-02 2.157001495361328056e-02 1.504959344863891491e-01
4.000000000000000000e+01 1.000000000000000000e+01 7.021101444297601635e-01 6.045154283163369779e-01 7.230920629951600453e-01 8.700000000000000000e+02 8.346000000000000227e+02 8.297999999999999545e+02 1.205706596374511805e-03 2.786850929260253820e-03 2.904679775238037248e-02 2.210025787353515556e-02 1.528913974761962891e-01
4.000000000000000000e+01 1.300000000000000000e+01 8.256868708566097448e-01 7.636091442561612208e-01 8.459602216324748625e-01 1.158000000000000000e+03 1.165200000000000045e+03 1.160400000000000091e+03 1.205492019653320269e-03 2.758455276489257639e-03 2.972223758697509904e-02 2.248241901397705217e-02 1.566517353057861328e-01
4.000000000000000000e+01 1.600000000000000000e+01 9.314624396677781970e-01 8.985059474848501315e-01 9.388623491865779602e-01 1.474799999999999955e+03 1.557000000000000000e+03 1.552200000000000045e+03 1.214694976806640668e-03 2.794504165649414062e-03 3.056364059448242118e-02 2.263660430908203194e-02 1.643646001815795843e-01
4.000000000000000000e+01 1.900000000000000000e+01 9.583471903123792490e-01 9.406385316849700251e-01 9.670173885685681148e-01 1.561200000000000045e+03 1.691400000000000091e+03 1.667400000000000091e+03 1.217198371887207075e-03 2.760314941406250087e-03 3.343791961669921597e-02 2.265331745147704939e-02 1.635998487472534180e-01
4.000000000000000000e+01 2.200000000000000000e+01 9.743902289615492540e-01 9.683493943958847439e-01 9.830024624025256452e-01 1.647599999999999909e+03 1.825799999999999955e+03 1.782599999999999909e+03 1.229596138000488325e-03 2.757120132446289236e-03 3.046905994415283203e-02 2.271351814270019392e-02 1.644381284713745117e-01
4.000000000000000000e+01 2.500000000000000000e+01 9.849309122193889987e-01 9.867888076962565425e-01 9.934139144655688147e-01 1.734000000000000000e+03 1.960200000000000045e+03 1.897799999999999955e+03 1.230883598327636675e-03 2.770185470581054688e-03 3.043317794799804688e-02 2.266492843627929826e-02 1.657842159271240290e-01
4.000000000000000000e+01 2.800000000000000000e+01 9.943714082462900006e-01 9.963665948171727127e-01 9.980580721704725988e-01 1.820400000000000091e+03 2.094599999999999909e+03 2.013000000000000000e+03 1.214003562927246007e-03 2.819132804870605295e-03 3.058879375457763602e-02 2.275247573852539132e-02 1.686295986175537220e-01
4.000000000000000000e+01 3.100000000000000000e+01 9.984360674665972990e-01 9.995787528548657486e-01 9.997343142477376210e-01 1.906799999999999955e+03 2.229000000000000000e+03 2.128199999999999818e+03 1.220297813415527387e-03 2.763414382934570399e-03 3.085634708404540877e-02 2.567379474639892509e-02 1.686348199844360241e-01
4.000000000000000000e+01 3.400000000000000000e+01 9.999999999999751310e-01 9.999999999999886757e-01 9.999999999999861222e-01 1.935599999999999909e+03 2.273800000000000182e+03 2.166599999999999909e+03 1.222753524780273524e-03 2.777600288391113368e-03 3.060576915740966658e-02 2.276785373687744210e-02 1.681824445724487416e-01
4.000000000000000000e+01 3.700000000000000000e+01 9.999999999999751310e-01 9.999999999999886757e-01 9.999999999999861222e-01 1.935599999999999909e+03 2.273800000000000182e+03 2.166599999999999909e+03 1.221179962158203125e-03 2.776575088500976389e-03 3.408761024475097379e-02 2.288193702697753976e-02 1.671951055526733343e-01
7.000000000000000000e+01 1.000000000000000000e+00 7.781314384189948197e-03 7.781314384190107791e-03 7.781314384190151159e-03 2.000000000000000000e+01 2.000000000000000000e+01 2.000000000000000000e+01 1.254105567932128993e-03 2.146577835083007726e-03 4.417495727539062778e-02 3.957176208496093750e-02 2.857974529266357200e-01
7.000000000000000000e+01 4.000000000000000000e+00 3.531631301340818624e-02 4.369641894604203713e-02 4.208440980997997516e-02 2.908000000000000114e+02 2.235999999999999943e+02 2.224000000000000057e+02 1.426792144775390538e-03 2.252006530761718837e-03 4.752295017242431918e-02 3.956325054168700894e-02 2.908966541290283203e-01
7.000000000000000000e+01 7.000000000000000000e+00 1.172975690932583637e-01 7.987731547124624076e-02 1.013471207263577922e-01 6.292000000000000455e+02 5.440000000000000000e+02 5.440000000000000000e+02 1.303005218505859332e-03 2.172875404357910330e-03 4.955737590789795199e-02 4.131846427917480746e-02 2.992022037506103516e-01
7.000000000000000000e+01 1.000000000000000000e+01 2.318756563516901070e-01 1.441160755669118332e-01 1.890930415818868615e-01 9.492000000000000455e+02 8.880000000000000000e+02 8.880000000000000000e+02 1.291942596435546918e-03 2.187633514404296962e-03 5.218136310577392578e-02 4.341816902160644531e-02 3.230406761169433705e-01
7.000000000000000000e+01 1.300000000000000000e+01 3.805955217754615205e-01 2.486975850009882638e-01 2.996176059575227368e-01 1.234200000000000045e+03 1.260000000000000000e+03 1.260000000000000000e+03 1.392531394958496050e-03 2.345800399780273438e-03 5.492990016937256137e-02 4.652922153472900668e-02 3.200628042221069225e-01
7.000000000000000000e+01 1.600000000000000000e+01 6.259500558900341627e-01 4.497105727113547280e-01 5.209828548435645468e-01 1.551599999999999909e+03 1.704000000000000000e+03 1.704000000000000000e+03 1.330971717834472656e-03 2.139878273010253733e-03 5.835421085357665738e-02 4.799284934997558733e-02 3.348784208297729270e-01
7.000000000000000000e+01 1.900000000000000000e+01 7.024143617440895548e-01 5.667461486990734709e-01 6.411219555233593770e-01 1.633200000000000045e+03 1.896000000000000000e+03 1.896000000000000000e+03 1.277709007263183680e-03 2.161240577697753820e-03 5.903944969177245955e-02 4.846155643463134766e-02 3.398705005645751842e-01
7.000000000000000000e+01 2.200000000000000000e+01 7.795461792218161268e-01 7.056484957440616324e-01 7.744180115787250296e-01 1.714799999999999955e+03 2.088000000000000000e+03 2.088000000000000000e+03 1.336264610290527300e-03 2.169275283813476649e-03 5.965380668640136996e-02 4.883792400360107561e-02 3.445611953735351340e-01
7.000000000000000000e+01 2.500000000000000000e+01 8.541259897081184826e-01 8.581737176686417001e-01 8.978912309563877869e-01 1.796400000000000091e+03 2.280000000000000000e+03 2.280000000000000000e+03 1.333594322204589844e-03 2.235507965087890538e-03 5.979046821594238142e-02 5.007126331329345842e-02 3.436837196350097656e-01
7.000000000000000000e+01 2.800000000000000000e+01 9.282909695178561682e-01 9.653107640543548973e-01 9.771972549489531534e-01 1.878000000000000000e+03 2.472000000000000000e+03 2.472000000000000000e+03 1.287603378295898524e-03 2.168512344360351476e-03 6.079053878784179688e-02 5.009849071502685269e-02 3.461998462677001731e-01
7.000000000000000000e+01 3.100000000000000000e+01 9.855329522671965048e-01 9.988100661911879508e-01 9.991204536769178191e-01 1.959599999999999909e+03 2.664000000000000000e+03 2.664000000000000000e+03 1.289629936218261805e-03 2.233433723449707205e-03 6.068811416625976424e-02 4.984717369079590121e-02 3.494640827178955300e-01
7.000000000000000000e+01 3.400000000000000000e+01 9.999999999999467093e-01 9.999999999630577729e-01 9.999999999704716203e-01 1.986799999999999955e+03 2.728000000000000000e+03 2.728000000000000000e+03 1.282715797424316493e-03 2.195191383361816233e-03 6.136941909790039062e-02 4.995255470275879184e-02 3.597404003143310769e-01
7.000000000000000000e+01 3.700000000000000000e+01 9.999999999999467093e-01 9.999999999630577729e-01 9.999999999704716203e-01 1.986799999999999955e+03 2.728000000000000000e+03 2.728000000000000000e+03 1.338553428649902387e-03 2.197027206420898438e-03 6.183919906616210799e-02 5.005710124969482699e-02 3.637906789779662975e-01
1.000000000000000000e+02 1.000000000000000000e+00 5.829104162396460094e-04 5.829104162396710545e-04 5.829104162396713798e-04 2.000000000000000000e+01 2.000000000000000000e+01 2.000000000000000000e+01 1.225519180297851519e-03 2.337527275085449045e-03 5.970966815948486328e-02 5.183603763580322404e-02 3.397755622863769531e-01
1.000000000000000000e+02 4.000000000000000000e+00 1.676815000835138502e-03 2.016387632293280795e-03 2.315860240276114423e-03 3.028000000000000114e+02 2.265999999999999943e+02 2.248000000000000114e+02 1.250362396240234288e-03 2.339816093444824132e-03 6.408698558807372769e-02 5.541539192199707031e-02 3.580769062042236106e-01
1.000000000000000000e+02 7.000000000000000000e+00 1.259804342304437531e-02 5.967127024714262776e-03 5.648949671871847551e-03 5.913999999999999773e+02 5.440000000000000000e+02 5.440000000000000000e+02 1.254105567932128993e-03 2.334094047546386632e-03 6.813406944274902344e-02 5.876941680908202847e-02 3.807569980621338113e-01
1.000000000000000000e+02 1.000000000000000000e+01 5.762780668346285939e-02 1.064472285233947386e-02 1.701597264247003624e-02 8.627999999999999545e+02 8.880000000000000000e+02 8.880000000000000000e+02 1.253581047058105382e-03 2.329540252685546702e-03 7.327716350555420199e-02 6.234514713287353516e-02 4.096533775329589955e-01
1.000000000000000000e+02 1.300000000000000000e+01 1.170821190788172428e-01 3.212354146219199152e-02 4.360199391476556052e-02 1.122000000000000000e+03 1.260000000000000000e+03 1.260000000000000000e+03 1.268672943115234332e-03 2.337026596069336111e-03 7.770543098449707309e-02 6.577765941619873047e-02 4.141832351684570090e-01
1.000000000000000000e+02 1.600000000000000000e+01 2.296774076170609025e-01 9.320275434160429917e-02 1.344244920970735502e-01 1.410000000000000000e+03 1.704000000000000000e+03 1.704000000000000000e+03 1.250147819519042969e-03 2.336525917053222743e-03 8.471624851226806918e-02 7.024433612823485773e-02 4.369159936904907227e-01
1.000000000000000000e+02 1.900000000000000000e+01 3.176212027589148112e-01 1.920953514478482282e-01 2.629975013462516054e-01 1.510799999999999955e+03 1.896000000000000000e+03 1.896000000000000000e+03 1.262402534484863195e-03 2.335429191589355469e-03 8.434550762176513949e-02 7.112057209014892301e-02 4.434937000274657981e-01
1.000000000000000000e+02 2.200000000000000000e+01 4.347659818192804448e-01 3.748207556032153165e-01 4.714369042050519099e-01 1.611599999999999909e+03 2.088000000000000000e+03 2.088000000000000000e+03 1.300168037414550825e-03 2.344489097595214844e-03 8.615417480468749722e-02 7.197370529174804132e-02 4.481481075286865012e-01
1.000000000000000000e+02 2.500000000000000000e+01 5.939055901675408533e-01 6.604869429731298203e-01 7.328986293032058175e-01 1.712400000000000091e+03 2.280000000000000000e+03 2.280000000000000000e+03 1.265311241149902430e-03 2.330970764160156077e-03 8.753991127014160156e-02 7.303152084350586493e-02 4.534279108047485352e-01
1.000000000000000000e+02 2.800000000000000000e+01 7.773279307063882815e-01 9.086088438820658642e-01 9.345888860330429093e-01 1.813200000000000045e+03 2.472000000000000000e+03 2.472000000000000000e+03 1.267790794372558594e-03 2.346920967102050955e-03 8.916578292846680243e-02 7.295475006103516180e-02 4.599495410919189342e-01
1.000000000000000000e+02 3.100000000000000000e+01 9.504884002963175371e-01 9.961453385230228941e-01 9.976273750057551570e-01 1.914000000000000000e+03 2.664000000000000000e+03 2.664000000000000000e+03 1.288270950317382726e-03 2.335047721862792882e-03 8.813130855560302734e-02 7.396178245544433871e-02 4.652989149093628152e-01
1.000000000000000000e+02 3.400000000000000000e+01 9.999999999999346079e-01 9.999999999936426409e-01 9.999999999999606981e-01 1.947599999999999909e+03 2.728000000000000000e+03 2.728000000000000000e+03 1.263427734374999957e-03 2.330636978149413976e-03 8.892047405242919922e-02 7.367510795593261441e-02 4.761408567428588867e-01
1.000000000000000000e+02 3.700000000000000000e+01 9.999999999999346079e-01 9.999999999936426409e-01 9.999999999999606981e-01 1.947599999999999909e+03 2.728000000000000000e+03 2.728000000000000000e+03 1.260232925415039106e-03 2.334046363830566580e-03 8.764212131500244418e-02 7.306306362152099887e-02 4.729159832000732200e-01
1.300000000000000000e+02 1.000000000000000000e+00 9.559413181077413483e-05 9.559413181077719771e-05 9.559413181077782112e-05 2.000000000000000000e+01 2.000000000000000000e+01 2.000000000000000000e+01 1.248097419738769445e-03 2.474856376647949045e-03 8.289296627044677457e-02 6.994340419769287664e-02 6.818598985671997514e-01
1.300000000000000000e+02 4.000000000000000000e+00 2.972724557072808395e-04 2.114115611799082873e-04 3.175359348317514799e-04 2.711999999999999886e+02 2.151999999999999886e+02 2.271999999999999886e+02 1.365184783935546875e-03 2.471947669982910243e-03 8.699924945831298551e-02 7.321782112121581754e-02 6.790652036666869895e-01
1.300000000000000000e+02 7.000000000000000000e+00 4.954670209817687090e-04 6.462892178857916354e-04 9.773795650920950873e-04 5.777999999999999545e+02 5.440000000000000000e+02 5.440000000000000000e+02 1.308846473693847613e-03 2.472662925720214930e-03 9.294795989990234375e-02 7.881257534027100164e-02 7.109948873519897905e-01
1.300000000000000000e+02 1.000000000000000000e+01 2.869700905723253977e-03 2.280012387520217836e-03 3.687043365482579188e-03 8.520000000000000000e+02 8.880000000000000000e+02 8.880000000000000000e+02 1.280164718627929601e-03 2.477478981018066233e-03 9.967913627624511164e-02 8.403327465057372492e-02 7.426976203918457253e-01
1.300000000000000000e+02 1.300000000000000000e+01 2.166435022322781359e-02 8.674751930130935457e-03 1.411556667595985706e-02 1.088400000000000091e+03 1.260000000000000000e+03 1.260000000000000000e+03 1.279568672180175695e-03 2.463388442993164236e-03 1.063960552215576227e-01 8.807759284973144809e-02 7.669050931930542214e-01
1.300000000000000000e+02 1.600000000000000000e+01 1.866912734704923027e-01 4.486831734639799146e-02 8.620589289619294548e-02 1.346400000000000091e+03 1.704000000000000000e+03 1.704000000000000000e+03 1.352167129516601476e-03 2.463936805725097656e-03 1.254691600799560658e-01 9.754180908203125000e-02 8.109305143356323464e-01
1.300000000000000000e+02 1.900000000000000000e+01 2.354615791231495225e-01 1.098357353732730690e-01 1.878556838522264516e-01 1.497000000000000000e+03 1.896000000000000000e+03 1.896000000000000000e+03 1.294159889221191493e-03 2.473807334899902257e-03 1.160022974014282282e-01 9.581274986267089566e-02 8.130265951156616655e-01
1.300000000000000000e+02 2.200000000000000000e+01 3.136836351926988176e-01 2.607892110156703191e-01 3.746311618727218851e-01 1.651200000000000045e+03 2.088000000000000000e+03 2.088000000000000000e+03 1.301026344299316320e-03 2.479815483093261805e-03 1.266755104064941351e-01 9.832575321197509211e-02 8.268879175186156782e-01
1.300000000000000000e+02 2.500000000000000000e+01 4.556631067387917899e-01 5.634721947163902067e-01 6.629416165310976217e-01 1.809000000000000000e+03 2.280000000000000000e+03 2.280000000000000000e+03 1.389861106872558594e-03 2.475571632385253733e-03 1.186988830566406278e-01 9.823963642120361883e-02 8.309093236923217329e-01
1.300000000000000000e+02 2.800000000000000000e+01 6.726177361175909031e-01 8.810013039907149679e-01 9.145574430008078792e-01 1.970400000000000091e+03 2.472000000000000000e+03 2.472000000000000000e+03 1.284790039062500043e-03 2.472686767578125173e-03 1.199704647064208929e-01 9.919052124023437778e-02 8.411013841629028098e-01
1.300000000000000000e+02 3.100000000000000000e+01 9.233253146545059575e-01 9.957502930207585701e-01 9.972689045761784499e-01 2.135400000000000091e+03 2.664000000000000000e+03 2.664000000000000000e+03 1.293802261352539149e-03 2.491450309753417882e-03 1.209700822830200168e-01 9.996588230133056363e-02 8.659393310546874556e-01
1.300000000000000000e+02 3.400000000000000000e+01 9.999999999999197309e-01 9.999999999999594769e-01 9.999999999876779677e-01 2.191199999999999818e+03 2.728000000000000000e+03 2.728000000000000000e+03 1.310801506042480382e-03 2.470254898071289062e-03 1.209911584854126004e-01 9.939954280853272039e-02 8.722791910171509011e-01
1.300000000000000000e+02 3.700000000000000000e+01 9.999999999999197309e-01 9.999999999999594769e-01 9.999999999876779677e-01 2.191199999999999818e+03 2.728000000000000000e+03 2.728000000000000000e+03 1.286292076110839930e-03 2.472329139709472830e-03 1.213357925415039090e-01 9.975705146789551336e-02 8.670661211013793723e-01
1.600000000000000000e+02 1.000000000000000000e+00 2.285738067501802591e-05 2.285738067501988261e-05 2.285738067501984195e-05 2.000000000000000000e+01 2.000000000000000000e+01 2.000000000000000000e+01 1.253604888916015625e-03 2.308273315429687587e-03 9.614486694335937222e-02 8.815703392028809149e-02 7.558178424835204634e-01
1.600000000000000000e+02 4.000000000000000000e+00 6.554432660035013904e-05 1.132275733716104905e-04 2.057960567889724024e-04 2.620000000000000000e+02 2.254000000000000057e+02 2.170000000000000000e+02 1.347279548645019445e-03 2.317595481872558767e-03 1.026409149169921903e-01 9.320447444915772039e-02 7.742697954177856223e-01
1.600000000000000000e+02 7.000000000000000000e+00 1.859183928827818949e-04 9.087422372257511222e-04 8.546561157333386815e-04 6.046000000000000227e+02 5.440000000000000000e+02 5.440000000000000000e+02 1.311540603637695312e-03 2.320504188537597570e-03 1.109353542327880804e-01 1.000647544860839844e-01 8.129222393035888672e-01
1.600000000000000000e+02 1.000000000000000000e+01 2.064669187712506009e-03 1.736810474094202137e-03 1.786089617897648014e-03 9.267999999999999545e+02 8.880000000000000000e+02 8.880000000000000000e+02 1.322627067565917969e-03 2.322912216186523438e-03 1.190637826919555692e-01 1.069815158843994141e-01 8.403830528259277344e-01
1.600000000000000000e+02 1.300000000000000000e+01 1.761780395339180433e-02 5.274094047663277843e-03 4.879084001879610728e-03 1.204599999999999909e+03 1.260000000000000000e+03 1.260000000000000000e+03 1.319313049316406337e-03 2.320814132690429861e-03 1.271629095077514704e-01 1.138442039489746122e-01 8.639072895050048384e-01
1.600000000000000000e+02 1.600000000000000000e+01 1.458741568239808051e-01 2.912117565407663575e-02 2.914912229016717454e-02 1.514799999999999955e+03 1.704000000000000000e+03 1.704000000000000000e+03 1.315021514892578212e-03 2.320432662963867274e-03 1.370280265808105358e-01 1.217844247817993220e-01 9.123878479003906250e-01
1.600000000000000000e+02 1.900000000000000000e+01 2.024457990455604539e-01 6.990631613064227090e-02 8.267428468565561628e-02 1.582000000000000000e+03 1.896000000000000000e+03 1.896000000000000000e+03 1.315546035766601606e-03 2.344441413879394358e-03 1.393896818161010631e-01 1.234743595123291016e-01 9.186192989349365456e-01
1.600000000000000000e+02 2.200000000000000000e+01 2.950503460666465960e-01 1.818012916391594513e-01 2.248404287070441820e-01 1.649200000000000045e+03 2.088000000000000000e+03 2.088000000000000000e+03 1.309919357299804644e-03 2.325320243835449305e-03 1.413460731506347712e-01 1.251031398773193304e-01 9.266960620880126953e-01
1.600000000000000000e+02 2.500000000000000000e+01 4.438374487204046481e-01 4.787423347619694236e-01 5.211979913944272402e-01 1.716400000000000091e+03 2.280000000000000000e+03 2.280000000000000000e+03 1.318430900573730382e-03 2.323842048645019445e-03 1.420967340469360407e-01 1.262025356292724720e-01 9.376495122909546120e-01
1.600000000000000000e+02 2.800000000000000000e+01 6.494973071020437860e-01 8.514756015413554868e-01 8.682219850845299680e-01 1.783599999999999909e+03 2.472000000000000000e+03 2.472000000000000000e+03 1.304030418395996094e-03 2.313208580017089670e-03 1.445366144180297852e-01 1.330843210220336859e-01 9.460681915283203347e-01
1.600000000000000000e+02 3.100000000000000000e+01 9.126727199161603910e-01 9.952883901483128293e-01 9.962719902218010182e-01 1.850799999999999955e+03 2.664000000000000000e+03 2.664000000000000000e+03 1.318311691284179601e-03 2.328276634216308594e-03 1.445962429046630804e-01 1.292144775390625111e-01 9.631364822387695757e-01
1.600000000000000000e+02 3.400000000000000000e+01 9.999999999998934186e-01 9.999999999999470424e-01 9.999999999999482636e-01 1.873200000000000045e+03 2.728000000000000000e+03 2.728000000000000000e+03 1.325678825378418012e-03 2.331042289733886805e-03 1.448079586029052679e-01 1.307432174682617299e-01 9.889198780059814675e-01
1.600000000000000000e+02 3.700000000000000000e+01 9.999999999998934186e-01 9.999999999999470424e-01 9.999999999999482636e-01 1.873200000000000045e+03 2.728000000000000000e+03 2.728000000000000000e+03 1.314449310302734332e-03 2.364659309387207118e-03 1.457272768020629883e-01 1.294939041137695424e-01 9.704694271087646040e-01
1.900000000000000000e+02 1.000000000000000000e+00 1.274376158537672611e-05 1.274376158537747658e-05 1.274376158537757314e-05 2.000000000000000000e+01 2.000000000000000000e+01 2.000000000000000000e+01 1.275086402893066493e-03 2.244114875793457031e-03 1.151914119720458957e-01 1.042058467864990234e-01 8.296837329864501509e-01
1.900000000000000000e+02 4.000000000000000000e+00 2.545428639292523796e-05 2.734484220048162049e-05 2.927166959425959110e-05 3.011999999999999886e+02 2.271999999999999886e+02 2.121999999999999886e+02 1.328945159912109375e-03 2.255272865295409983e-03 1.240544080734252985e-01 1.098996162414550837e-01 8.749940872192383257e-01
1.900000000000000000e+02 7.000000000000000000e+00 8.329464222347015656e-05 4.513441340675597685e-05 8.713583571099526399e-05 6.546000000000000227e+02 5.283999999999999773e+02 5.343999999999999773e+02 1.353836059570312413e-03 2.250814437866211024e-03 1.328994989395141657e-01 1.194138765335082952e-01 9.153710365295409934e-01
1.900000000000000000e+02 1.000000000000000000e+01 2.830711653036592328e-03 3.825783998220767682e-04 3.056136783057117183e-04 9.363999999999999773e+02 8.766000000000000227e+02 8.880000000000000000e+02 1.333236694335937500e-03 2.245450019836425868e-03 1.430270671844482422e-01 1.267946243286132701e-01 9.520603418350219727e-01
1.900000000000000000e+02 1.300000000000000000e+01 2.108716206246961239e-02 1.109189979238448366e-03 9.041574567048972586e-04 1.132000000000000000e+03 1.260000000000000000e+03 1.260000000000000000e+03 1.335096359252929731e-03 2.249550819396972483e-03 1.525645256042480469e-01 1.358317852020263783e-01 9.863362550735473855e-01
1.900000000000000000e+02 1.600000000000000000e+01 2.351487811430680863e-01 6.263064003696328444e-03 1.343056498459238232e-02 1.334799999999999955e+03 1.704000000000000000e+03 1.704000000000000000e+03 1.335811614990234418e-03 2.262783050537109202e-03 1.655373573303222656e-01 1.476246356964111273e-01 1.017253947257995561e+00
1.900000000000000000e+02 1.900000000000000000e+01 2.770657973872406865e-01 2.288354703103843285e-02 3.370160532253955316e-02 1.392400000000000091e+03 1.896000000000000000e+03 1.896000000000000000e+03 1.343011856079101562e-03 2.255296707153320226e-03 1.674100637435912975e-01 1.490855216979980469e-01 1.024256467819213867e+00
1.900000000000000000e+02 2.200000000000000000e+01 3.530861208346249835e-01 1.005409177531385589e-01 1.314783262466494018e-01 1.450000000000000000e+03 2.088000000000000000e+03 2.088000000000000000e+03 1.330137252807617188e-03 2.237892150878906163e-03 1.691425800323486384e-01 1.500370502471923828e-01 1.042804169654846236e+00
1.900000000000000000e+02 2.500000000000000000e+01 4.703703507728863586e-01 3.721496348042261371e-01 4.184075679048728236e-01 1.507599999999999909e+03 2.280000000000000000e+03 2.280000000000000000e+03 1.353979110717773438e-03 2.244114875793457031e-03 1.721657991409301647e-01 1.523695945739746149e-01 1.046762466430664062e+00
1.900000000000000000e+02 2.800000000000000000e+01 6.516585488560668882e-01 8.049346221390409895e-01 8.256356871978345335e-01 1.565200000000000045e+03 2.472000000000000000e+03 2.472000000000000000e+03 1.331686973571777344e-03 2.281236648559570486e-03 1.734237909317016546e-01 1.540241003036499079e-01 1.047222757339477450e+00
1.900000000000000000e+02 3.100000000000000000e+01 9.090916590081239423e-01 9.939667441116144531e-01 9.940147206594149853e-01 1.622799999999999955e+03 2.664000000000000000e+03 2.664000000000000000e+03 1.333189010620117231e-03 2.240347862243652517e-03 1.745845794677734486e-01 1.551481485366821289e-01 1.064228391647338956e+00
1.900000000000000000e+02 3.400000000000000000e+01 9.999999999998820943e-01 9.999999999926126870e-01 9.999999999703005349e-01 1.642000000000000000e+03 2.728000000000000000e+03 2.728000000000000000e+03 1.331424713134765538e-03 2.247762680053710764e-03 1.742934226989746038e-01 1.549896001815795898e-01 1.070077133178710893e+00
1.900000000000000000e+02 3.700000000000000000e+01 9.999999999998820943e-01 9.999999999926126870e-01 9.999999999703005349e-01 1.642000000000000000e+03 2.728000000000000000e+03 2.728000000000000000e+03 1.353645324707031337e-03 2.245378494262695139e-03 1.742229938507079967e-01 1.557143926620483398e-01 1.072543120384216397e+00
