1.000000000000000000e+01 1.000000000000000000e+00 4.817111217603833317e-01 4.817111217603851081e-01 4.817111217603851081e-01 6.000000000000000000e+00 6.000000000000000000e+00 6.000000000000000000e+00 1.088285446166992274e-03 4.987716674804687229e-05 2.062487602233886892e-03 3.166890144348144445e-03 9.442520141601563194e-03
1.000000000000000000e+01 4.000000000000000000e+00 9.999999999999923395e-01 9.999999999999957812e-01 9.999999999999958922e-01 1.600000000000000000e+01 1.600000000000000000e+01 1.600000000000000000e+01 9.516239166259765842e-04 4.775524139404297146e-05 2.615785598754882726e-03 1.939535140991210938e-03 7.958936691284178994e-03
1.000000000000000000e+01 7.000000000000000000e+00 9.999999999999923395e-01 9.999999999999957812e-01 9.999999999999958922e-01 1.600000000000000000e+01 1.600000000000000000e+01 1.600000000000000000e+01 9.192228317260742188e-04 4.749298095703124729e-05 2.028727531433105555e-03 1.849389076232910070e-03 7.728075981140137066e-03
1.000000000000000000e+01 1.000000000000000000e+01 9.999999999999923395e-01 9.999999999999957812e-01 9.999999999999958922e-01 1.600000000000000000e+01 1.600000000000000000e+01 1.600000000000000000e+01 9.164333343505859809e-04 4.842281341552734239e-05 1.995921134948730469e-03 1.801276206970214930e-03 7.684779167175292795e-03
1.000000000000000000e+01 1.300000000000000000e+01 9.999999999999923395e-01 9.999999999999957812e-01 9.999999999999958922e-01 1.600000000000000000e+01 1.600000000000000000e+01 1.600000000000000000e+01 9.420633316040039496e-04 4.737377166748046604e-05 2.019572257995605642e-03 1.827073097229003950e-03 7.750320434570312673e-03
1.000000000000000000e+01 1.600000000000000000e+01 9.999999999999923395e-01 9.999999999999957812e-01 9.999999999999958922e-01 1.600000000000000000e+01 1.600000000000000000e+01 1.600000000000000000e+01 9.407281875610351129e-04 4.694461822509765761e-05 2.068924903869629080e-03 1.798319816589355425e-03 7.776117324829101909e-03
1.000000000000000000e+01 1.900000000000000000e+01 9.999999999999923395e-01 9.999999999999957812e-01 9.999999999999958922e-01 1.600000000000000000e+01 1.600000000000000000e+01 1.600000000000000000e+01 9.118795394897460504e-04 4.725456237792968479e-05 2.005171775817870920e-03 1.798534393310546962e-03 1.121599674224853585e-02
1.000000000000000000e+01 2.200000000000000000e+01 9.999999999999923395e-01 9.999999999999957812e-01 9.999999999999958922e-01 1.600000000000000000e+01 1.600000000000000000e+01 1.600000000000000000e+01 9.323596954345702908e-04 4.823207855224609646e-05 2.282309532165527517e-03 1.891636848449707118e-03 8.080983161926269184e-03
1.000000000000000000e+01 2.500000000000000000e+01 9.999999999999923395e-01 9.999999999999957812e-01 9.999999999999958922e-01 1.600000000000000000e+01 1.600000000000000000e+01 1.600000000000000000e+01 9.650707244873047309e-04 4.940032958984374729e-05 1.990294456481933507e-03 1.771807670593261719e-03 7.741832733154296528e-03
1.000000000000000000e+01 2.800000000000000000e+01 9.999999999999923395e-01 9.999999999999957812e-01 9.999999999999958922e-01 1.600000000000000000e+01 1.600000000000000000e+01 1.600000000000000000e+01 9.311676025390624783e-04 4.918575286865234646e-05 2.024960517883300608e-03 1.855945587158203038e-03 7.718753814697265452e-03
1.000000000000000000e+01 3.100000000000000000e+01 9.999999999999923395e-01 9.999999999999957812e-01 9.999999999999958922e-01 1.600000000000000000e+01 1.600000000000000000e+01 1.600000000000000000e+01 9.242534637451171658e-04 4.892349243164062229e-05 2.067184448242187413e-03 1.790380477905273351e-03 7.719635963439941406e-03
1.000000000000000000e+01 3.400000000000000000e+01 9.999999999999923395e-01 9.999999999999957812e-01 9.999999999999958922e-01 1.600000000000000000e+01 1.600000000000000000e+01 1.600000000000000000e+01 9.553432464599609375e-04 4.754066467285156386e-05 2.008414268493652257e-03 1.780128479003906163e-03 7.733345031738281250e-03
1.000000000000000000e+01 3.700000000000000000e+01 9.999999999999923395e-01 9.999999999999957812e-01 9.999999999999958922e-01 1.600000000000000000e+01 1.600000000000000000e+01 1.600000000000000000e+01 9.248971939086914496e-04 4.720687866210937500e-05 2.011823654174804861e-03 1.812005043029785243e-03 7.739186286926269531e-03
4.000000000000000000e+01 1.000000000000000000e+00 8.419214769208865912e-02 8.419214769209040772e-02 8.419214769209047711e-02 6.000000000000000000e+00 6.000000000000000000e+00 6.000000000000000000e+00 9.649038314819335721e-04 4.718303680419922011e-05 7.469463348388672048e-03 7.537269592285155903e-03 3.557202816009521346e-02
4.000000000000000000e+01 4.000000000000000000e+00 9.999999999999678035e-01 9.999999999999829026e-01 9.999999999999834577e-01 1.600000000000000000e+01 1.600000000000000000e+01 1.600000000000000000e+01 9.868144989013671875e-04 4.956722259521484511e-05 7.256865501403808594e-03 7.327079772949218750e-03 3.259360790252685547e-02
4.000000000000000000e+01 7.000000000000000000e+00 9.999999999999678035e-01 9.999999999999829026e-01 9.999999999999834577e-01 1.600000000000000000e+01 1.600000000000000000e+01 1.600000000000000000e+01 9.870290756225585070e-04 4.854202270507812364e-05 7.347321510314941753e-03 7.281231880187988455e-03 3.264043331146240096e-02
4.000000000000000000e+01 1.000000000000000000e+01 9.999999999999678035e-01 9.999999999999829026e-01 9.999999999999834577e-01 1.600000000000000000e+01 1.600000000000000000e+01 1.600000000000000000e+01 1.007938385009765712e-03 5.013942718505859646e-05 7.289385795593262066e-03 7.259297370910644705e-03 3.263659477233886441e-02
4.000000000000000000e+01 1.300000000000000000e+01 9.999999999999678035e-01 9.999999999999829026e-01 9.999999999999834577e-01 1.600000000000000000e+01 1.600000000000000000e+01 1.600000000000000000e+01 1.044392585754394531e-03 4.870891571044922146e-05 9.973216056823729775e-03 7.258129119873046702e-03 3.297526836395263394e-02
4.000000000000000000e+01 1.600000000000000000e+01 9.999999999999678035e-01 9.999999999999829026e-01 9.999999999999834577e-01 1.600000000000000000e+01 1.600000000000000000e+01 1.600000000000000000e+01 9.809494018554686633e-04 4.849433898925781386e-05 7.264614105224609375e-03 7.302379608154297222e-03 3.269996643066406389e-02
4.000000000000000000e+01 1.900000000000000000e+01 9.999999999999678035e-01 9.999999999999829026e-01 9.999999999999834577e-01 1.600000000000000000e+01 1.600000000000000000e+01 1.600000000000000000e+01 9.974241256713867188e-04 4.889965057373046739e-05 7.275915145874023784e-03 7.263064384460449219e-03 3.263003826141357144e-02
4.000000000000000000e+01 2.200000000000000000e+01 9.999999999999678035e-01 9.999999999999829026e-01 9.999999999999834577e-01 1.600000000000000000e+01 1.600000000000000000e+01 1.600000000000000000e+01 9.760141372680663629e-04 4.935264587402343750e-05 7.296490669250488455e-03 7.265019416809082205e-03 3.276946544647216936e-02
4.000000000000000000e+01 2.500000000000000000e+01 9.999999999999678035e-01 9.999999999999829026e-01 9.999999999999834577e-01 1.600000000000000000e+01 1.600000000000000000e+01 1.600000000000000000e+01 9.870290756225585070e-04 4.863739013671875000e-05 7.324457168579101562e-03 7.328319549560547048e-03 3.588585853576660434e-02
4.000000000000000000e+01 2.800000000000000000e+01 9.999999999999678035e-01 9.999999999999829026e-01 9.999999999999834577e-01 1.600000000000000000e+01 1.600000000000000000e+01 1.600000000000000000e+01 9.813785552978515191e-04 4.878044128417968614e-05 7.264661788940429861e-03 7.292771339416503559e-03 3.290631771087646623e-02
4.000000000000000000e+01 3.100000000000000000e+01 9.999999999999678035e-01 9.999999999999829026e-01 9.999999999999834577e-01 1.600000000000000000e+01 1.600000000000000000e+01 1.600000000000000000e+01 9.814262390136717883e-04 4.849433898925781386e-05 7.282185554504394705e-03 7.359123229980469097e-03 3.268311023712158064e-02
4.000000000000000000e+01 3.400000000000000000e+01 9.999999999999678035e-01 9.999999999999829026e-01 9.999999999999834577e-01 1.600000000000000000e+01 1.600000000000000000e+01 1.600000000000000000e+01 1.025986671447753950e-03 4.825592041015625136e-05 7.265114784240722309e-03 7.334375381469726216e-03 3.316617012023925781e-02
4.000000000000000000e+01 3.700000000000000000e+01 9.999999999999678035e-01 9.999999999999829026e-01 9.999999999999834577e-01 1.600000000000000000e+01 1.600000000000000000e+01 1.600000000000000000e+01 9.917020797729492188e-04 4.820823669433593479e-05 7.287597656250000347e-03 7.380437850952148264e-03 3.284308910369872908e-02
7.000000000000000000e+01 1.000000000000000000e+00 1.406189685691755856e-02 1.406189685691788815e-02 1.406189685691792632e-02 6.000000000000000000e+00 6.000000000000000000e+00 6.000000000000000000e+00 1.046466827392578082e-03 4.785060882568359104e-05 1.313350200653076207e-02 1.321165561676025321e-02 6.044356822967529574e-02
7.000000000000000000e+01 4.000000000000000000e+00 9.999999999999426015e-01 9.999999999999710232e-01 9.999999999999704681e-01 1.600000000000000000e+01 1.600000000000000000e+01 1.600000000000000000e+01 1.006913185119628950e-03 5.090236663818359375e-05 1.280083656311035122e-02 1.300120353698730469e-02 5.961077213287353793e-02
7.000000000000000000e+01 7.000000000000000000e+00 9.999999999999426015e-01 9.999999999999710232e-01 9.999999999999704681e-01 1.600000000000000000e+01 1.600000000000000000e+01 1.600000000000000000e+01 1.008653640747070399e-03 5.064010620117187636e-05 1.292047500610351597e-02 1.291935443878173759e-02 5.603914260864258090e-02
7.000000000000000000e+01 1.000000000000000000e+01 9.999999999999426015e-01 9.999999999999710232e-01 9.999999999999704681e-01 1.600000000000000000e+01 1.600000000000000000e+01 1.600000000000000000e+01 1.035308837890624913e-03 4.873275756835937636e-05 1.297199726104736328e-02 1.316833496093750000e-02 5.643818378448486189e-02
7.000000000000000000e+01 1.300000000000000000e+01 9.999999999999426015e-01 9.999999999999710232e-01 9.999999999999704681e-01 1.600000000000000000e+01 1.600000000000000000e+01 1.600000000000000000e+01 1.031398773193359375e-03 4.894733428955078396e-05 1.277177333831787040e-02 1.314928531646728481e-02 5.958769321441650252e-02
7.000000000000000000e+01 1.600000000000000000e+01 9.999999999999426015e-01 9.999999999999710232e-01 9.999999999999704681e-01 1.600000000000000000e+01 1.600000000000000000e+01 1.600000000000000000e+01 1.023697853088378863e-03 5.018711090087890625e-05 1.279780864715576207e-02 1.285781860351562465e-02 5.582573413848877092e-02
7.000000000000000000e+01 1.900000000000000000e+01 9.999999999999426015e-01 9.999999999999710232e-01 9.999999999999704681e-01 1.600000000000000000e+01 1.600000000000000000e+01 1.600000000000000000e+01 1.002836227416992144e-03 5.023479461669921604e-05 1.281673908233642648e-02 1.273181438446044887e-02 5.595078468322754045e-02
7.000000000000000000e+01 2.200000000000000000e+01 9.999999999999426015e-01 9.999999999999710232e-01 9.999999999999704681e-01 1.600000000000000000e+01 1.600000000000000000e+01 1.600000000000000000e+01 9.978532791137695746e-04 5.054473876953125000e-05 1.303656101226806710e-02 1.558666229248046806e-02 5.568940639495849332e-02
7.000000000000000000e+01 2.500000000000000000e+01 9.999999999999426015e-01 9.999999999999710232e-01 9.999999999999704681e-01 1.600000000000000000e+01 1.600000000000000000e+01 1.600000000000000000e+01 9.984731674194335070e-04 5.040168762207031386e-05 1.323747634887695312e-02 1.560366153717041016e-02 5.609698295593261441e-02
7.000000000000000000e+01 2.800000000000000000e+01 9.999999999999426015e-01 9.999999999999710232e-01 9.999999999999704681e-01 1.600000000000000000e+01 1.600000000000000000e+01 1.600000000000000000e+01 1.016759872436523524e-03 5.066394805908203125e-05 1.273639202117919991e-02 1.288678646087646450e-02 5.595676898956299106e-02
7.000000000000000000e+01 3.100000000000000000e+01 9.999999999999426015e-01 9.999999999999710232e-01 9.999999999999704681e-01 1.600000000000000000e+01 1.600000000000000000e+01 1.600000000000000000e+01 9.912252426147460938e-04 4.951953887939452854e-05 1.270763874053955009e-02 1.280248165130615234e-02 5.756106376647949358e-02
7.000000000000000000e+01 3.400000000000000000e+01 9.999999999999426015e-01 9.999999999999710232e-01 9.999999999999704681e-01 1.600000000000000000e+01 1.600000000000000000e+01 1.600000000000000000e+01 1.048660278320312413e-03 4.992485046386718886e-05 1.307389736175537144e-02 1.306459903717041050e-02 5.709068775177002231e-02
7.000000000000000000e+01 3.700000000000000000e+01 9.999999999999426015e-01 9.999999999999710232e-01 9.999999999999704681e-01 1.600000000000000000e+01 1.600000000000000000e+01 1.600000000000000000e+01 1.016497611999511719e-03 5.085468292236328396e-05 1.276183128356933594e-02 1.288805007934570347e-02 5.579819679260254045e-02
1.000000000000000000e+02 1.000000000000000000e+00 2.538901400081891753e-03 2.538901400081989331e-03 2.538901400081989765e-03 6.000000000000000000e+00 6.000000000000000000e+00 6.000000000000000000e+00 1.037287712097167925e-03 4.909038543701172011e-05 2.157130241394043108e-02 1.882035732269287179e-02 8.577136993408203403e-02
1.000000000000000000e+02 4.000000000000000000e+00 9.999999999999167333e-01 9.999999999999591438e-01 9.999999999999593658e-01 1.600000000000000000e+01 1.600000000000000000e+01 1.600000000000000000e+01 1.020121574401855425e-03 4.255771636962890625e-05 1.835761070251464705e-02 1.876344680786132951e-02 7.895555496215819757e-02
1.000000000000000000e+02 7.000000000000000000e+00 9.999999999999167333e-01 9.999999999999591438e-01 9.999999999999593658e-01 1.600000000000000000e+01 1.600000000000000000e+01 1.600000000000000000e+01 1.044583320617675825e-03 4.892349243164062229e-05 1.821732521057128906e-02 1.842629909515380859e-02 7.900989055633544922e-02
1.000000000000000000e+02 1.000000000000000000e+01 9.999999999999167333e-01 9.999999999999591438e-01 9.999999999999593658e-01 1.600000000000000000e+01 1.600000000000000000e+01 1.600000000000000000e+01 1.030325889587402344e-03 4.568099975585937364e-05 1.818239688873291016e-02 1.848630905151367118e-02 7.844827175140381414e-02
1.000000000000000000e+02 1.300000000000000000e+01 9.999999999999167333e-01 9.999999999999591438e-01 9.999999999999593658e-01 1.600000000000000000e+01 1.600000000000000000e+01 1.600000000000000000e+01 1.018548011779785243e-03 4.255771636962890625e-05 1.840920448303222726e-02 1.863908767700195312e-02 7.941112518310547430e-02
1.000000000000000000e+02 1.600000000000000000e+01 9.999999999999167333e-01 9.999999999999591438e-01 9.999999999999593658e-01 1.600000000000000000e+01 1.600000000000000000e+01 1.600000000000000000e+01 1.046395301818847570e-03 4.553794860839843750e-05 1.830761432647705009e-02 1.860551834106445243e-02 7.863986492156982422e-02
1.000000000000000000e+02 1.900000000000000000e+01 9.999999999999167333e-01 9.999999999999591438e-01 9.999999999999593658e-01 1.600000000000000000e+01 1.600000000000000000e+01 1.600000000000000000e+01 1.010060310363769531e-03 4.291534423828125000e-05 1.825611591339111259e-02 1.838433742523193359e-02 7.922599315643311102e-02
1.000000000000000000e+02 2.200000000000000000e+01 9.999999999999167333e-01 9.999999999999591438e-01 9.999999999999593658e-01 1.600000000000000000e+01 1.600000000000000000e+01 1.600000000000000000e+01 1.010036468505859288e-03 4.503726959228515761e-05 1.825423240661621163e-02 1.844604015350341866e-02 7.932233810424804688e-02
1.000000000000000000e+02 2.500000000000000000e+01 9.999999999999167333e-01 9.999999999999591438e-01 9.999999999999593658e-01 1.600000000000000000e+01 1.600000000000000000e+01 1.600000000000000000e+01 1.021981239318847656e-03 4.358291625976562771e-05 1.819179058074951033e-02 1.866996288299560547e-02 7.884104251861571988e-02
1.000000000000000000e+02 2.800000000000000000e+01 9.999999999999167333e-01 9.999999999999591438e-01 9.999999999999593658e-01 1.600000000000000000e+01 1.600000000000000000e+01 1.600000000000000000e+01 1.022720336914062587e-03 4.270076751708984239e-05 1.822063922882079939e-02 2.169504165649414201e-02 7.926583290100097656e-02
1.000000000000000000e+02 3.100000000000000000e+01 9.999999999999167333e-01 9.999999999999591438e-01 9.999999999999593658e-01 1.600000000000000000e+01 1.600000000000000000e+01 1.600000000000000000e+01 1.054167747497558594e-03 4.258155822753906114e-05 1.847169399261474471e-02 1.878280639648437569e-02 7.935707569122314731e-02
1.000000000000000000e+02 3.400000000000000000e+01 9.999999999999167333e-01 9.999999999999591438e-01 9.999999999999593658e-01 1.600000000000000000e+01 1.600000000000000000e+01 1.600000000000000000e+01 1.045966148376464930e-03 4.353523254394531114e-05 1.828997135162353446e-02 1.848411560058593750e-02 7.886159420013427734e-02
1.000000000000000000e+02 3.700000000000000000e+01 9.999999999999167333e-01 9.999999999999591438e-01 9.999999999999593658e-01 1.600000000000000000e+01 1.600000000000000000e+01 1.600000000000000000e+01 1.019692420959472570e-03 4.284381866455077854e-05 1.825237274169921875e-02 1.839187145233154436e-02 8.226788043975830078e-02
1.300000000000000000e+02 1.000000000000000000e+00 7.649299951680997491e-04 7.649299951681487551e-04 7.649299951681487551e-04 6.000000000000000000e+00 6.000000000000000000e+00 6.000000000000000000e+00 1.031017303466796788e-03 5.009174346923827989e-05 2.428863048553466658e-02 2.444021701812744071e-02 1.153535842895507812e-01
1.300000000000000000e+02 4.000000000000000000e+00 9.999999999998931965e-01 9.999999999999470424e-01 9.999999999999455991e-01 1.600000000000000000e+01 1.600000000000000000e+01 1.600000000000000000e+01 1.061987876892089887e-03 4.673004150390625000e-05 2.348253726959228377e-02 2.393789291381836007e-02 1.070010662078857422e-01
1.300000000000000000e+02 7.000000000000000000e+00 9.999999999998931965e-01 9.999999999999470424e-01 9.999999999999455991e-01 1.600000000000000000e+01 1.600000000000000000e+01 1.600000000000000000e+01 1.054406166076660156e-03 4.634857177734375136e-05 2.400698661804199358e-02 2.377610206604003837e-02 1.115932703018188421e-01
1.300000000000000000e+02 1.000000000000000000e+01 9.999999999998931965e-01 9.999999999999470424e-01 9.999999999999455991e-01 1.600000000000000000e+01 1.600000000000000000e+01 1.600000000000000000e+01 1.061391830444335981e-03 4.484653472900390489e-05 2.364342212677001884e-02 2.387166023254394531e-02 1.182760000228881836e-01
1.300000000000000000e+02 1.300000000000000000e+01 9.999999999998931965e-01 9.999999999999470424e-01 9.999999999999455991e-01 1.600000000000000000e+01 1.600000000000000000e+01 1.600000000000000000e+01 1.051378250122070356e-03 4.746913909912109239e-05 2.340774536132812431e-02 2.388741970062255998e-02 1.062237739562988253e-01
1.300000000000000000e+02 1.600000000000000000e+01 9.999999999998931965e-01 9.999999999999470424e-01 9.999999999999455991e-01 1.600000000000000000e+01 1.600000000000000000e+01 1.600000000000000000e+01 1.071143150329589800e-03 4.606246948242187229e-05 2.354862689971923967e-02 2.383811473846435616e-02 1.062590360641479520e-01
1.300000000000000000e+02 1.900000000000000000e+01 9.999999999998931965e-01 9.999999999999470424e-01 9.999999999999455991e-01 1.600000000000000000e+01 1.600000000000000000e+01 1.600000000000000000e+01 1.073241233825683594e-03 4.611015319824218886e-05 2.392461299896240373e-02 2.435240745544433455e-02 1.081028223037719671e-01
1.300000000000000000e+02 2.200000000000000000e+01 9.999999999998931965e-01 9.999999999999470424e-01 9.999999999999455991e-01 1.600000000000000000e+01 1.600000000000000000e+01 1.600000000000000000e+01 1.035523414611816450e-03 4.398822784423828125e-05 2.374870777130127023e-02 2.696526050567626953e-02 1.071512222290039035e-01
1.300000000000000000e+02 2.500000000000000000e+01 9.999999999998931965e-01 9.999999999999470424e-01 9.999999999999455991e-01 1.600000000000000000e+01 1.600000000000000000e+01 1.600000000000000000e+01 1.058244705200195399e-03 4.522800445556640354e-05 2.359907627105712821e-02 2.364854812622070243e-02 1.070501327514648410e-01
1.300000000000000000e+02 2.800000000000000000e+01 9.999999999998931965e-01 9.999999999999470424e-01 9.999999999999455991e-01 1.600000000000000000e+01 1.600000000000000000e+01 1.600000000000000000e+01 1.074504852294921918e-03 4.622936248779297011e-05 2.375526428222656319e-02 2.410554885864257812e-02 1.070301294326782282e-01
1.300000000000000000e+02 3.100000000000000000e+01 9.999999999998931965e-01 9.999999999999470424e-01 9.999999999999455991e-01 1.600000000000000000e+01 1.600000000000000000e+01 1.600000000000000000e+01 1.069784164428710938e-03 4.553794860839843750e-05 2.411088943481445174e-02 2.375061511993408273e-02 1.070915699005126898e-01
1.300000000000000000e+02 3.400000000000000000e+01 9.999999999998931965e-01 9.999999999999470424e-01 9.999999999999455991e-01 1.600000000000000000e+01 1.600000000000000000e+01 1.600000000000000000e+01 1.034975051879882812e-03 4.417896270751953396e-05 2.369074821472167899e-02 2.390429973602294783e-02 1.066131353378295954e-01
1.300000000000000000e+02 3.700000000000000000e+01 9.999999999998931965e-01 9.999999999999470424e-01 9.999999999999455991e-01 1.600000000000000000e+01 1.600000000000000000e+01 1.600000000000000000e+01 1.033115386962890582e-03 4.394054412841797146e-05 2.373099327087402344e-02 2.376570701599121233e-02 1.072130918502807589e-01
1.600000000000000000e+02 1.000000000000000000e+00 2.155930422841172145e-04 2.155930422841309296e-04 2.155930422841306044e-04 6.000000000000000000e+00 6.000000000000000000e+00 6.000000000000000000e+00 1.039934158325195356e-03 5.249977111816405979e-05 2.961966991424560408e-02 3.003704547882080078e-02 1.494218826293945424e-01
1.600000000000000000e+02 4.000000000000000000e+00 9.999999999998708811e-01 9.999999999999353850e-01 9.999999999999363842e-01 1.600000000000000000e+01 1.600000000000000000e+01 1.600000000000000000e+01 1.350665092468261805e-03 5.469322204589843886e-05 2.874801158905029158e-02 2.923653125762939314e-02 1.292980194091796764e-01
1.600000000000000000e+02 7.000000000000000000e+00 9.999999999998708811e-01 9.999999999999353850e-01 9.999999999999363842e-01 1.600000000000000000e+01 1.600000000000000000e+01 1.600000000000000000e+01 1.274776458740234418e-03 5.171298980712890761e-05 2.873539924621582031e-02 2.918338775634765625e-02 1.290778875350952204e-01
1.600000000000000000e+02 1.000000000000000000e+01 9.999999999998708811e-01 9.999999999999353850e-01 9.999999999999363842e-01 1.600000000000000000e+01 1.600000000000000000e+01 1.600000000000000000e+01 1.308822631835937587e-03 5.245208740234375000e-05 2.866845130920410087e-02 2.908508777618408134e-02 1.293864965438842884e-01
1.600000000000000000e+02 1.300000000000000000e+01 9.999999999998708811e-01 9.999999999999353850e-01 9.999999999999363842e-01 1.600000000000000000e+01 1.600000000000000000e+01 1.600000000000000000e+01 1.275706291198730425e-03 5.245208740234375000e-05 2.858550548553466866e-02 2.921631336212158342e-02 1.299041032791137806e-01
1.600000000000000000e+02 1.600000000000000000e+01 9.999999999998708811e-01 9.999999999999353850e-01 9.999999999999363842e-01 1.600000000000000000e+01 1.600000000000000000e+01 1.600000000000000000e+01 1.273012161254882726e-03 5.323886871337890896e-05 2.887754440307617118e-02 2.933399677276611259e-02 1.297358989715576283e-01
1.600000000000000000e+02 1.900000000000000000e+01 9.999999999998708811e-01 9.999999999999353850e-01 9.999999999999363842e-01 1.600000000000000000e+01 1.600000000000000000e+01 1.600000000000000000e+01 1.314234733581543012e-03 5.102157592773437500e-05 2.874870300292968819e-02 2.907609939575195312e-02 1.309693574905395619e-01
1.600000000000000000e+02 2.200000000000000000e+01 9.999999999998708811e-01 9.999999999999353850e-01 9.999999999999363842e-01 1.600000000000000000e+01 1.600000000000000000e+01 1.600000000000000000e+01 1.252770423889160156e-03 5.092620849609374864e-05 2.876965999603271415e-02 2.932202816009521484e-02 1.301660537719726562e-01
1.600000000000000000e+02 2.500000000000000000e+01 9.999999999998708811e-01 9.999999999999353850e-01 9.999999999999363842e-01 1.600000000000000000e+01 1.600000000000000000e+01 1.600000000000000000e+01 1.296949386596679731e-03 4.954338073730469021e-05 2.859175205230712891e-02 2.904744148254394601e-02 1.296146154403686468e-01
1.600000000000000000e+02 2.800000000000000000e+01 9.999999999998708811e-01 9.999999999999353850e-01 9.999999999999363842e-01 1.600000000000000000e+01 1.600000000000000000e+01 1.600000000000000000e+01 1.267099380493164149e-03 5.140304565429687364e-05 2.865495681762695451e-02 2.931489944458007951e-02 1.326910018920898493e-01
1.600000000000000000e+02 3.100000000000000000e+01 9.999999999998708811e-01 9.999999999999353850e-01 9.999999999999363842e-01 1.600000000000000000e+01 1.600000000000000000e+01 1.600000000000000000e+01 1.271033287048339930e-03 5.316734313964843750e-05 2.888782024383544991e-02 2.921450138092041016e-02 1.316115856170654297e-01
1.600000000000000000e+02 3.400000000000000000e+01 9.999999999998708811e-01 9.999999999999353850e-01 9.999999999999363842e-01 1.600000000000000000e+01 1.600000000000000000e+01 1.600000000000000000e+01 1.323938369750976562e-03 5.104541778564452989e-05 2.885072231292724540e-02 2.935845851898193429e-02 1.302686691284179743e-01
1.600000000000000000e+02 3.700000000000000000e+01 9.999999999998708811e-01 9.999999999999353850e-01 9.999999999999363842e-01 1.600000000000000000e+01 1.600000000000000000e+01 1.600000000000000000e+01 1.291704177856445356e-03 5.121231079101562771e-05 2.885327339172363142e-02 3.223390579223632535e-02 1.302637100219726507e-01
1.900000000000000000e+02 1.000000000000000000e+00 4.562296387741644483e-05 4.562296387741945349e-05 4.562296387741947382e-05 6.000000000000000000e+00 6.000000000000000000e+00 6.000000000000000000e+00 1.079654693603515538e-03 4.866123199462890489e-05 3.575763702392577986e-02 3.596572875976562778e-02 1.683289051055908148e-01
1.900000000000000000e+02 4.000000000000000000e+00 9.999999999998490097e-01 9.999999999999207301e-01 9.999999999999250599e-01 1.600000000000000000e+01 1.600000000000000000e+01 1.600000000000000000e+01 1.099491119384765712e-03 5.512237548828124729e-05 3.399708271026611467e-02 3.462500572204589566e-02 1.498475313186645452e-01
1.900000000000000000e+02 7.000000000000000000e+00 9.999999999998490097e-01 9.999999999999207301e-01 9.999999999999250599e-01 1.600000000000000000e+01 1.600000000000000000e+01 1.600000000000000000e+01 1.118445396423339930e-03 4.935264587402343750e-05 3.386871814727783481e-02 3.443796634674071988e-02 1.544114589691162054e-01
1.900000000000000000e+02 1.000000000000000000e+01 9.999999999998490097e-01 9.999999999999207301e-01 9.999999999999250599e-01 1.600000000000000000e+01 1.600000000000000000e+01 1.600000000000000000e+01 1.091289520263671832e-03 4.832744598388671604e-05 3.418426513671875278e-02 3.458819389343261580e-02 1.509249210357666016e-01
1.900000000000000000e+02 1.300000000000000000e+01 9.999999999998490097e-01 9.999999999999207301e-01 9.999999999999250599e-01 1.600000000000000000e+01 1.600000000000000000e+01 1.600000000000000000e+01 1.092457771301269618e-03 4.959106445312500000e-05 3.389158248901367326e-02 3.456704616546631137e-02 1.506512641906738170e-01
1.900000000000000000e+02 1.600000000000000000e+01 9.999999999998490097e-01 9.999999999999207301e-01 9.999999999999250599e-01 1.600000000000000000e+01 1.600000000000000000e+01 1.600000000000000000e+01 1.160812377929687543e-03 4.935264587402343750e-05 3.416261672973632674e-02 3.462886810302734375e-02 1.509096145629882924e-01
1.900000000000000000e+02 1.900000000000000000e+01 9.999999999998490097e-01 9.999999999999207301e-01 9.999999999999250599e-01 1.600000000000000000e+01 1.600000000000000000e+01 1.600000000000000000e+01 2.120375633239746094e-03 5.910396575927734511e-05 3.415570259094238142e-02 3.638749122619629184e-02 1.511582851409912220e-01
1.900000000000000000e+02 2.200000000000000000e+01 9.999999999998490097e-01 9.999999999999207301e-01 9.999999999999250599e-01 1.600000000000000000e+01 1.600000000000000000e+01 1.600000000000000000e+01 1.143670082092285070e-03 4.916191101074218479e-05 3.413097858428955356e-02 3.452570438385009488e-02 1.551108121871948298e-01
1.900000000000000000e+02 2.500000000000000000e+01 9.999999999998490097e-01 9.999999999999207301e-01 9.999999999999250599e-01 1.600000000000000000e+01 1.600000000000000000e+01 1.600000000000000000e+01 1.134967803955078038e-03 4.940032958984374729e-05 3.415660858154297153e-02 3.460557460784911832e-02 1.504964113235473522e-01
1.900000000000000000e+02 2.800000000000000000e+01 9.999999999998490097e-01 9.999999999999207301e-01 9.999999999999250599e-01 1.600000000000000000e+01 1.600000000000000000e+01 1.600000000000000000e+01 1.916646957397460938e-03 1.536846160888671929e-04 3.424124717712402621e-02 3.681788444519042830e-02 1.508587837219238226e-01
1.900000000000000000e+02 3.100000000000000000e+01 9.999999999998490097e-01 9.999999999999207301e-01 9.999999999999250599e-01 1.600000000000000000e+01 1.600000000000000000e+01 1.600000000000000000e+01 1.108765602111816406e-03 4.949569702148437364e-05 3.410356044769287387e-02 3.457851409912109097e-02 1.509393930435180553e-01
1.900000000000000000e+02 3.400000000000000000e+01 9.999999999998490097e-01 9.999999999999207301e-01 9.999999999999250599e-01 1.600000000000000000e+01 1.600000000000000000e+01 1.600000000000000000e+01 1.108908653259277430e-03 4.978179931640625271e-05 3.448090553283691267e-02 3.466732501983642301e-02 1.516871452331542969e-01
1.900000000000000000e+02 3.700000000000000000e+01 9.999999999998490097e-01 9.999999999999207301e-01 9.999999999999250599e-01 1.600000000000000000e+01 1.600000000000000000e+01 1.600000000000000000e+01 1.128458976745605555e-03 4.982948303222656250e-05 3.409814834594726562e-02 3.454253673553466658e-02 1.513226032257080078e-01
