1.000000000000000000e+01 1.000000000000000000e+00 6.190824701228826443e-01 6.190824701228855309e-01 6.190824701228856419e-01 1.400000000000000000e+01 1.400000000000000000e+01 1.400000000000000000e+01 1.214480400085449132e-03 5.103588104248046658e-04 4.966020584106445312e-03 4.780769348144531250e-03 1.820485591888427665e-02
1.000000000000000000e+01 4.000000000000000000e+00 9.997486712457266389e-01 9.991447912234020512e-01 9.999999999999957812e-01 1.360000000000000000e+02 7.200000000000000000e+01 5.460000000000000142e+01 1.108670234680175868e-03 5.079269409179687717e-04 7.747077941894530903e-03 5.788898468017578472e-03 2.035369873046875139e-02
1.000000000000000000e+01 7.000000000000000000e+00 9.999999946377415849e-01 9.999698855490066762e-01 9.999999999999957812e-01 2.104000000000000057e+02 8.340000000000000568e+01 5.460000000000000142e+01 1.080322265624999957e-03 4.933595657348633246e-04 5.136489868164062500e-03 3.804230690002441493e-03 1.708698272705078125e-02
1.000000000000000000e+01 1.000000000000000000e+01 9.999999999999913403e-01 9.999999999999950040e-01 9.999999999999957812e-01 2.384000000000000057e+02 8.800000000000000000e+01 5.460000000000000142e+01 1.052474975585937413e-03 4.919528961181640842e-04 4.989647865295409809e-03 3.636050224304199392e-03 1.706075668334960938e-02
1.000000000000000000e+01 1.300000000000000000e+01 9.999999999999911182e-01 9.999999999999950040e-01 9.999999999999957812e-01 2.384000000000000057e+02 8.800000000000000000e+01 5.460000000000000142e+01 1.319980621337890538e-03 5.404472351074219184e-04 4.944705963134765278e-03 3.864288330078125000e-03 1.610474586486816337e-02
1.000000000000000000e+01 1.600000000000000000e+01 9.999999999999916733e-01 9.999999999999950040e-01 9.999999999999957812e-01 2.384000000000000057e+02 8.800000000000000000e+01 5.460000000000000142e+01 1.048874855041503950e-03 4.987716674804687500e-04 4.889464378356933941e-03 3.666758537292480469e-03 1.607363224029540946e-02
1.000000000000000000e+01 1.900000000000000000e+01 9.999999999999916733e-01 9.999999999999950040e-01 9.999999999999957812e-01 2.384000000000000057e+02 8.800000000000000000e+01 5.460000000000000142e+01 1.042556762695312543e-03 4.948854446411132379e-04 4.840111732482910503e-03 3.619217872619628993e-03 1.635179519653320174e-02
1.000000000000000000e+01 2.200000000000000000e+01 9.999999999999916733e-01 9.999999999999950040e-01 9.999999999999957812e-01 2.384000000000000057e+02 8.800000000000000000e+01 5.460000000000000142e+01 1.045370101928711024e-03 5.139112472534179688e-04 4.882216453552246094e-03 3.614377975463867014e-03 1.617684364318847795e-02
1.000000000000000000e+01 2.500000000000000000e+01 9.999999999999916733e-01 9.999999999999950040e-01 9.999999999999957812e-01 2.384000000000000057e+02 8.800000000000000000e+01 5.460000000000000142e+01 1.061654090881347570e-03 5.042076110839844184e-04 5.045485496520995920e-03 3.706216812133789062e-03 1.697216033935546736e-02
1.000000000000000000e+01 2.800000000000000000e+01 9.999999999999916733e-01 9.999999999999950040e-01 9.999999999999957812e-01 2.384000000000000057e+02 8.800000000000000000e+01 5.460000000000000142e+01 1.066851615905761675e-03 5.294799804687500434e-04 5.129957199096679341e-03 3.798437118530273264e-03 1.601364612579345842e-02
1.000000000000000000e+01 3.100000000000000000e+01 9.999999999999916733e-01 9.999999999999950040e-01 9.999999999999957812e-01 2.384000000000000057e+02 8.800000000000000000e+01 5.460000000000000142e+01 1.042127609252929688e-03 4.996776580810547309e-04 4.897522926330566580e-03 3.633213043212890452e-03 1.579706668853759696e-02
1.000000000000000000e+01 3.400000000000000000e+01 9.999999999999916733e-01 9.999999999999950040e-01 9.999999999999957812e-01 2.384000000000000057e+02 8.800000000000000000e+01 5.460000000000000142e+01 1.069498062133789106e-03 4.972696304321288629e-04 4.784226417541503906e-03 3.714156150817870920e-03 1.616566181182861259e-02
1.000000000000000000e+01 3.700000000000000000e+01 9.999999999999916733e-01 9.999999999999950040e-01 9.999999999999957812e-01 2.384000000000000057e+02 8.800000000000000000e+01 5.460000000000000142e+01 1.044988632202148438e-03 5.065917968750000434e-04 4.861640930175781423e-03 3.684282302856445312e-03 1.596193313598632743e-02
4.000000000000000000e+01 1.000000000000000000e+00 3.545219298196093660e-02 3.545219298196138069e-02 3.545219298196157498e-02 1.400000000000000000e+01 1.400000000000000000e+01 1.400000000000000000e+01 1.041865348815917882e-03 5.406618118286132379e-04 1.908245086669922014e-02 1.499829292297363316e-02 9.321467876434326449e-02
4.000000000000000000e+01 4.000000000000000000e+00 3.534055766060976156e-01 3.213482418988603539e-01 3.267653442737052938e-01 1.335999999999999943e+02 1.360000000000000000e+02 1.330000000000000000e+02 1.080441474914550738e-03 5.487918853759766059e-04 1.853268146514892509e-02 1.562223434448242222e-02 8.699111938476562778e-02
4.000000000000000000e+01 7.000000000000000000e+00 7.242203382307458304e-01 7.411462341672180321e-01 7.564896016691257108e-01 2.248000000000000114e+02 2.500000000000000000e+02 2.500000000000000000e+02 1.071739196777343707e-03 5.395889282226562066e-04 1.872692108154296736e-02 1.592664718627929618e-02 8.793382644653320590e-02
4.000000000000000000e+01 1.000000000000000000e+01 9.499327540761195454e-01 9.999999999999864553e-01 9.999999999999842348e-01 2.600000000000000000e+02 2.960000000000000000e+02 2.960000000000000000e+02 1.066875457763671918e-03 5.478143692016601129e-04 1.863100528717041154e-02 1.586363315582275252e-02 8.788738250732422430e-02
4.000000000000000000e+01 1.300000000000000000e+01 9.928698158978181976e-01 9.999999999999864553e-01 9.999999999999842348e-01 2.600000000000000000e+02 2.960000000000000000e+02 2.960000000000000000e+02 1.082611083984375043e-03 5.472183227539062066e-04 1.881940364837646554e-02 1.562318801879882847e-02 8.892405033111572266e-02
4.000000000000000000e+01 1.600000000000000000e+01 9.999999999999689138e-01 9.999999999999864553e-01 9.999999999999842348e-01 2.600000000000000000e+02 2.960000000000000000e+02 2.960000000000000000e+02 1.091909408569335981e-03 5.503654479980468967e-04 1.896171569824218681e-02 1.595499515533447404e-02 9.063217639923096258e-02
4.000000000000000000e+01 1.900000000000000000e+01 9.999999999999689138e-01 9.999999999999864553e-01 9.999999999999842348e-01 2.600000000000000000e+02 2.960000000000000000e+02 2.960000000000000000e+02 1.089167594909668012e-03 5.464553833007812500e-04 1.863329410552978446e-02 1.571474075317382674e-02 8.712005615234375000e-02
4.000000000000000000e+01 2.200000000000000000e+01 9.999999999999689138e-01 9.999999999999864553e-01 9.999999999999842348e-01 2.600000000000000000e+02 2.960000000000000000e+02 2.960000000000000000e+02 1.070857048034667969e-03 5.502223968505859809e-04 1.885998249053955078e-02 1.558032035827636684e-02 8.853781223297119141e-02
4.000000000000000000e+01 2.500000000000000000e+01 9.999999999999689138e-01 9.999999999999864553e-01 9.999999999999842348e-01 2.600000000000000000e+02 2.960000000000000000e+02 2.960000000000000000e+02 1.084136962890624957e-03 5.517244338989257596e-04 1.868894100189209123e-02 1.576015949249267439e-02 8.771426677703857144e-02
4.000000000000000000e+01 2.800000000000000000e+01 9.999999999999689138e-01 9.999999999999864553e-01 9.999999999999842348e-01 2.600000000000000000e+02 2.960000000000000000e+02 2.960000000000000000e+02 1.068949699401855469e-03 5.433797836303710721e-04 1.863801479339599609e-02 1.564726829528808455e-02 8.967082500457763949e-02
4.000000000000000000e+01 3.100000000000000000e+01 9.999999999999689138e-01 9.999999999999864553e-01 9.999999999999842348e-01 2.600000000000000000e+02 2.960000000000000000e+02 2.960000000000000000e+02 1.065516471862793055e-03 5.437374114990234158e-04 1.865804195404052734e-02 1.576738357543945243e-02 8.864901065826416571e-02
4.000000000000000000e+01 3.400000000000000000e+01 9.999999999999689138e-01 9.999999999999864553e-01 9.999999999999842348e-01 2.600000000000000000e+02 2.960000000000000000e+02 2.960000000000000000e+02 1.078510284423828212e-03 5.520343780517578342e-04 1.859519481658935408e-02 1.577653884887695451e-02 8.760862350463867465e-02
4.000000000000000000e+01 3.700000000000000000e+01 9.999999999999689138e-01 9.999999999999864553e-01 9.999999999999842348e-01 2.600000000000000000e+02 2.960000000000000000e+02 2.960000000000000000e+02 1.063990592956542925e-03 5.426883697509765191e-04 1.857285499572753837e-02 1.559264659881591866e-02 8.782186508178710382e-02
7.000000000000000000e+01 1.000000000000000000e+00 4.981761591619269548e-03 4.981761591619353682e-03 4.981761591619442153e-03 1.400000000000000000e+01 1.400000000000000000e+01 1.400000000000000000e+01 1.120400428771972700e-03 5.059480667114257596e-04 3.013019561767578056e-02 2.763946056365966866e-02 1.701737403869628962e-01
7.000000000000000000e+01 4.000000000000000000e+00 9.138137400691515033e-02 1.059594144913876546e-01 9.662841455590141793e-02 1.355999999999999943e+02 1.360000000000000000e+02 1.360000000000000000e+02 1.182150840759277387e-03 5.535840988159179904e-04 3.119511604309082101e-02 2.978274822235107283e-02 1.647113561630249023e-01
7.000000000000000000e+01 7.000000000000000000e+00 4.258513752787774775e-01 4.709368328218033750e-01 5.031287383153194570e-01 2.088000000000000114e+02 2.500000000000000000e+02 2.500000000000000000e+02 1.082253456115722700e-03 5.239486694335937283e-04 3.218681812286376676e-02 2.906169891357422014e-02 1.685855150222778376e-01
7.000000000000000000e+01 1.000000000000000000e+01 8.668358579787167617e-01 9.999999999999726885e-01 9.999999999999754641e-01 2.395999999999999943e+02 2.960000000000000000e+02 2.960000000000000000e+02 1.089549064636230382e-03 5.234241485595703342e-04 3.187520503997802457e-02 2.915110588073730608e-02 1.665912866592407227e-01
7.000000000000000000e+01 1.300000000000000000e+01 9.781208832389329810e-01 9.999999999999726885e-01 9.999999999999754641e-01 2.468000000000000114e+02 2.960000000000000000e+02 2.960000000000000000e+02 1.100087165832519618e-03 5.182981491088867404e-04 3.178932666778564592e-02 2.929201126098632951e-02 1.671694517135620117e-01
7.000000000000000000e+01 1.600000000000000000e+01 9.999999999999495959e-01 9.999999999999726885e-01 9.999999999999754641e-01 2.540000000000000000e+02 2.960000000000000000e+02 2.960000000000000000e+02 1.097083091735839844e-03 5.101203918457031033e-04 3.192083835601806918e-02 2.895598411560058524e-02 1.706824064254760798e-01
7.000000000000000000e+01 1.900000000000000000e+01 9.999999999999495959e-01 9.999999999999726885e-01 9.999999999999754641e-01 2.540000000000000000e+02 2.960000000000000000e+02 2.960000000000000000e+02 1.108479499816894575e-03 5.262613296508789496e-04 3.213527202606201311e-02 2.913846969604492326e-02 1.695238590240478460e-01
7.000000000000000000e+01 2.200000000000000000e+01 9.999999999999495959e-01 9.999999999999726885e-01 9.999999999999754641e-01 2.540000000000000000e+02 2.960000000000000000e+02 2.960000000000000000e+02 1.132774353027343707e-03 5.392313003540038629e-04 3.196377754211425504e-02 2.939245700836181502e-02 1.681362390518188477e-01
7.000000000000000000e+01 2.500000000000000000e+01 9.999999999999495959e-01 9.999999999999726885e-01 9.999999999999754641e-01 2.540000000000000000e+02 2.960000000000000000e+02 2.960000000000000000e+02 1.107501983642578082e-03 5.319595336914062066e-04 3.260507583618164201e-02 2.984077930450439523e-02 1.678068399429321345e-01
7.000000000000000000e+01 2.800000000000000000e+01 9.999999999999495959e-01 9.999999999999726885e-01 9.999999999999754641e-01 2.540000000000000000e+02 2.960000000000000000e+02 2.960000000000000000e+02 1.125764846801757856e-03 5.153417587280273438e-04 3.177561759948730608e-02 2.915430068969726562e-02 1.663147449493408148e-01
7.000000000000000000e+01 3.100000000000000000e+01 9.999999999999495959e-01 9.999999999999726885e-01 9.999999999999754641e-01 2.540000000000000000e+02 2.960000000000000000e+02 2.960000000000000000e+02 1.096463203430175695e-03 5.207777023315430121e-04 3.196411132812500278e-02 2.915971279144287040e-02 1.676622390747070368e-01
7.000000000000000000e+01 3.400000000000000000e+01 9.999999999999495959e-01 9.999999999999726885e-01 9.999999999999754641e-01 2.540000000000000000e+02 2.960000000000000000e+02 2.960000000000000000e+02 1.088213920593261762e-03 5.063056945800781033e-04 3.182065486907958984e-02 2.918736934661865165e-02 1.665686607360839788e-01
7.000000000000000000e+01 3.700000000000000000e+01 9.999999999999495959e-01 9.999999999999726885e-01 9.999999999999754641e-01 2.540000000000000000e+02 2.960000000000000000e+02 2.960000000000000000e+02 1.096892356872558550e-03 5.213975906372070529e-04 3.187196254730224887e-02 2.894163131713867188e-02 1.662429571151733398e-01
1.000000000000000000e+02 1.000000000000000000e+00 1.035668568014206205e-03 1.035668568014257379e-03 1.035668568014240900e-03 1.400000000000000000e+01 1.400000000000000000e+01 1.400000000000000000e+01 1.093626022338867188e-03 5.259752273559570096e-04 4.322712421417236606e-02 3.862957954406738559e-02 2.369024753570556641e-01
1.000000000000000000e+02 4.000000000000000000e+00 7.640288234067793213e-03 5.719271798614618610e-03 1.029580963779307655e-02 1.328000000000000114e+02 1.360000000000000000e+02 1.360000000000000000e+02 1.097011566162109332e-03 5.517244338989257596e-04 4.548931121826171875e-02 4.047245979309081754e-02 2.341071605682372991e-01
1.000000000000000000e+02 7.000000000000000000e+00 1.318089386030783516e-01 1.746759364347140742e-01 2.267802903032998252e-01 2.228000000000000114e+02 2.500000000000000000e+02 2.500000000000000000e+02 1.074361801147460894e-03 5.365133285522461371e-04 4.603037834167480330e-02 4.116673469543456754e-02 2.376630783081054576e-01
1.000000000000000000e+02 1.000000000000000000e+01 5.894568110202756950e-01 9.999999999999621414e-01 9.999999999999609201e-01 2.623999999999999773e+02 2.960000000000000000e+02 2.960000000000000000e+02 1.083421707153320269e-03 5.395412445068359375e-04 4.659461975097656250e-02 4.132637977600097517e-02 2.405921936035156361e-01
1.000000000000000000e+02 1.300000000000000000e+01 9.098264585861255416e-01 9.999999999999621414e-01 9.999999999999609201e-01 2.696000000000000227e+02 2.960000000000000000e+02 2.960000000000000000e+02 1.092004776000976519e-03 5.495071411132812934e-04 4.647085666656494002e-02 4.128820896148681363e-02 2.391833066940307617e-01
1.000000000000000000e+02 1.600000000000000000e+01 9.999999999999309441e-01 9.999999999999621414e-01 9.999999999999609201e-01 2.768000000000000114e+02 2.960000000000000000e+02 2.960000000000000000e+02 1.084470748901367274e-03 5.428075790405273004e-04 4.663338661193847795e-02 4.142708778381347379e-02 2.424648284912109264e-01
1.000000000000000000e+02 1.900000000000000000e+01 9.999999999999309441e-01 9.999999999999621414e-01 9.999999999999609201e-01 2.768000000000000114e+02 2.960000000000000000e+02 2.960000000000000000e+02 1.080989837646484375e-03 5.368947982788086154e-04 4.749908447265625139e-02 4.144082069396972517e-02 2.412647724151611439e-01
1.000000000000000000e+02 2.200000000000000000e+01 9.999999999999309441e-01 9.999999999999621414e-01 9.999999999999609201e-01 2.768000000000000114e+02 2.960000000000000000e+02 2.960000000000000000e+02 1.108050346374511719e-03 5.596876144409179688e-04 4.706757068634033481e-02 4.505171775817871233e-02 2.408230781555175670e-01
1.000000000000000000e+02 2.500000000000000000e+01 9.999999999999309441e-01 9.999999999999621414e-01 9.999999999999609201e-01 2.768000000000000114e+02 2.960000000000000000e+02 2.960000000000000000e+02 1.113033294677734288e-03 5.451679229736327908e-04 4.713754653930664340e-02 4.132049083709717074e-02 2.402380704879760742e-01
1.000000000000000000e+02 2.800000000000000000e+01 9.999999999999309441e-01 9.999999999999621414e-01 9.999999999999609201e-01 2.768000000000000114e+02 2.960000000000000000e+02 2.960000000000000000e+02 1.093029975891113281e-03 5.545377731323242404e-04 4.659762382507324358e-02 4.142107963562011858e-02 2.403718709945678600e-01
1.000000000000000000e+02 3.100000000000000000e+01 9.999999999999309441e-01 9.999999999999621414e-01 9.999999999999609201e-01 2.768000000000000114e+02 2.960000000000000000e+02 2.960000000000000000e+02 1.121807098388671832e-03 5.424976348876953342e-04 4.684171676635742049e-02 4.285700321197509488e-02 2.398146867752075084e-01
1.000000000000000000e+02 3.400000000000000000e+01 9.999999999999309441e-01 9.999999999999621414e-01 9.999999999999609201e-01 2.768000000000000114e+02 2.960000000000000000e+02 2.960000000000000000e+02 1.101446151733398481e-03 5.418539047241210504e-04 4.779219627380371094e-02 4.162480831146240373e-02 2.401716470718383845e-01
1.000000000000000000e+02 3.700000000000000000e+01 9.999999999999309441e-01 9.999999999999621414e-01 9.999999999999609201e-01 2.768000000000000114e+02 2.960000000000000000e+02 2.960000000000000000e+02 1.098918914794921832e-03 5.420684814453124783e-04 4.663755893707275529e-02 4.138214588165282926e-02 2.402583837509155162e-01
1.300000000000000000e+02 1.000000000000000000e+00 1.993972829713090927e-04 1.993972829713234313e-04 1.993972829713277681e-04 1.400000000000000000e+01 1.400000000000000000e+01 1.400000000000000000e+01 1.119780540466308550e-03 5.977153778076171875e-04 5.553157329559325894e-02 5.180809497833251814e-02 3.078663587570190652e-01
1.300000000000000000e+02 4.000000000000000000e+00 4.263344603396715046e-03 3.926072270146138167e-03 7.009906386444541941e-03 1.415999999999999943e+02 1.360000000000000000e+02 1.360000000000000000e+02 1.178312301635742144e-03 6.013631820678711371e-04 5.925951004028320174e-02 5.427849292755126953e-02 3.032611131668090931e-01
1.300000000000000000e+02 7.000000000000000000e+00 1.339763934457563199e-01 1.175040175908307061e-01 1.373931423651359451e-01 2.130000000000000000e+02 2.500000000000000000e+02 2.500000000000000000e+02 1.188564300537109332e-03 5.970001220703125000e-04 5.990147590637207031e-02 5.729579925537109375e-02 3.013549804687499778e-01
1.300000000000000000e+02 1.000000000000000000e+01 6.435604275129251928e-01 9.999999999999481526e-01 9.999999999999513722e-01 2.455999999999999943e+02 2.960000000000000000e+02 2.960000000000000000e+02 1.213741302490234418e-03 5.924224853515625434e-04 5.941081047058105469e-02 5.529780387878417691e-02 3.090359210968017800e-01
1.300000000000000000e+02 1.300000000000000000e+01 9.267806256166564172e-01 9.999999999999481526e-01 9.999999999999513722e-01 2.551999999999999886e+02 2.960000000000000000e+02 2.960000000000000000e+02 1.196813583374023481e-03 5.968809127807617188e-04 5.929577350616455078e-02 5.518584251403808871e-02 3.042536973953247070e-01
1.300000000000000000e+02 1.600000000000000000e+01 9.999999999999020783e-01 9.999999999999481526e-01 9.999999999999513722e-01 2.648000000000000114e+02 2.960000000000000000e+02 2.960000000000000000e+02 1.195263862609863325e-03 5.968570709228515842e-04 6.124176979064941545e-02 5.664358139038085799e-02 3.035956621170043945e-01
1.300000000000000000e+02 1.900000000000000000e+01 9.999999999999020783e-01 9.999999999999481526e-01 9.999999999999513722e-01 2.648000000000000114e+02 2.960000000000000000e+02 2.960000000000000000e+02 1.226592063903808550e-03 5.979061126708984809e-04 5.995106697082519531e-02 5.576581954956054410e-02 3.023738145828246959e-01
1.300000000000000000e+02 2.200000000000000000e+01 9.999999999999020783e-01 9.999999999999481526e-01 9.999999999999513722e-01 2.648000000000000114e+02 2.960000000000000000e+02 2.960000000000000000e+02 1.203846931457519575e-03 6.066083908081055121e-04 6.084744930267334262e-02 5.555095672607422014e-02 3.096271991729736550e-01
1.300000000000000000e+02 2.500000000000000000e+01 9.999999999999020783e-01 9.999999999999481526e-01 9.999999999999513722e-01 2.648000000000000114e+02 2.960000000000000000e+02 2.960000000000000000e+02 1.215863227844238238e-03 6.020784378051758246e-04 5.999519824981689592e-02 5.552945137023925642e-02 3.128564357757568359e-01
1.300000000000000000e+02 2.800000000000000000e+01 9.999999999999020783e-01 9.999999999999481526e-01 9.999999999999513722e-01 2.648000000000000114e+02 2.960000000000000000e+02 2.960000000000000000e+02 1.269483566284179774e-03 6.092309951782226996e-04 5.957365036010742188e-02 5.566802024841308733e-02 3.060947656631469727e-01
1.300000000000000000e+02 3.100000000000000000e+01 9.999999999999020783e-01 9.999999999999481526e-01 9.999999999999513722e-01 2.648000000000000114e+02 2.960000000000000000e+02 2.960000000000000000e+02 1.238536834716796918e-03 6.062984466552734375e-04 5.989911556243896623e-02 5.579228401184081754e-02 3.050439834594726451e-01
1.300000000000000000e+02 3.400000000000000000e+01 9.999999999999020783e-01 9.999999999999481526e-01 9.999999999999513722e-01 2.648000000000000114e+02 2.960000000000000000e+02 2.960000000000000000e+02 1.183557510375976519e-03 5.960941314697265191e-04 5.951454639434814592e-02 5.513365268707275113e-02 3.054083108901977650e-01
1.300000000000000000e+02 3.700000000000000000e+01 9.999999999999020783e-01 9.999999999999481526e-01 9.999999999999513722e-01 2.648000000000000114e+02 2.960000000000000000e+02 2.960000000000000000e+02 1.261854171752929774e-03 6.153821945190429471e-04 6.172249317169189314e-02 5.659229755401611051e-02 3.007853269577026589e-01
1.600000000000000000e+02 1.000000000000000000e+00 7.657104023237663014e-05 7.657104023238215957e-05 7.657104023238192917e-05 1.400000000000000000e+01 1.400000000000000000e+01 1.400000000000000000e+01 1.114368438720703125e-03 5.198717117309570312e-04 6.951198577880859930e-02 6.307904720306396762e-02 3.748191118240356556e-01
1.600000000000000000e+02 4.000000000000000000e+00 8.628678298700712254e-04 2.332514043677777482e-03 3.586763723800720505e-03 1.395999999999999943e+02 1.275999999999999943e+02 1.360000000000000000e+02 1.137208938598632856e-03 5.228996276855468316e-04 7.261195182800292414e-02 6.479415893554688055e-02 3.722071886062622292e-01
1.600000000000000000e+02 7.000000000000000000e+00 8.108967732195337952e-02 6.795586178985515979e-02 9.827063985665725199e-02 2.140000000000000000e+02 2.500000000000000000e+02 2.500000000000000000e+02 1.143741607666015582e-03 5.188226699829101346e-04 7.407236099243164062e-02 6.643748283386230469e-02 3.718400478363036998e-01
1.600000000000000000e+02 1.000000000000000000e+01 5.502848013060300802e-01 9.999999999999472644e-01 9.999999999999449329e-01 2.515999999999999943e+02 2.960000000000000000e+02 2.960000000000000000e+02 1.150083541870117231e-03 5.196809768676757379e-04 7.461061477661132257e-02 6.647167205810547430e-02 3.747601270675658958e-01
1.600000000000000000e+02 1.300000000000000000e+01 8.832472551883379097e-01 9.999999999999472644e-01 9.999999999999449329e-01 2.660000000000000000e+02 2.960000000000000000e+02 2.960000000000000000e+02 1.140403747558593707e-03 5.192995071411132596e-04 8.054609298706054410e-02 6.667668819427489957e-02 3.769207954406738059e-01
1.600000000000000000e+02 1.600000000000000000e+01 9.999999999998834266e-01 9.999999999999472644e-01 9.999999999999449329e-01 2.803999999999999773e+02 2.960000000000000000e+02 2.960000000000000000e+02 1.146483421325683550e-03 5.172967910766601129e-04 7.478561401367186945e-02 6.667723655700683039e-02 3.788922548294067494e-01
1.600000000000000000e+02 1.900000000000000000e+01 9.999999999998834266e-01 9.999999999999472644e-01 9.999999999999449329e-01 2.803999999999999773e+02 2.960000000000000000e+02 2.960000000000000000e+02 1.153564453124999913e-03 5.199193954467773004e-04 7.522609233856200617e-02 6.676590442657470703e-02 3.751463174819946178e-01
1.600000000000000000e+02 2.200000000000000000e+01 9.999999999998834266e-01 9.999999999999472644e-01 9.999999999999449329e-01 2.803999999999999773e+02 2.960000000000000000e+02 2.960000000000000000e+02 1.149225234985351519e-03 5.194425582885741754e-04 7.480804920196533481e-02 6.630668640136719305e-02 3.753384590148926003e-01
1.600000000000000000e+02 2.500000000000000000e+01 9.999999999998834266e-01 9.999999999999472644e-01 9.999999999999449329e-01 2.803999999999999773e+02 2.960000000000000000e+02 2.960000000000000000e+02 1.150155067443847743e-03 5.222082138061523871e-04 7.535820007324219028e-02 6.667325496673584539e-02 3.763530969619751088e-01
1.600000000000000000e+02 2.800000000000000000e+01 9.999999999998834266e-01 9.999999999999472644e-01 9.999999999999449329e-01 2.803999999999999773e+02 2.960000000000000000e+02 2.960000000000000000e+02 1.165604591369628820e-03 5.227327346801757812e-04 7.534716129302979071e-02 6.675693988800049383e-02 3.739073276519775391e-01
1.600000000000000000e+02 3.100000000000000000e+01 9.999999999998834266e-01 9.999999999999472644e-01 9.999999999999449329e-01 2.803999999999999773e+02 2.960000000000000000e+02 2.960000000000000000e+02 1.144313812255859462e-03 5.158185958862304688e-04 7.492537498474120816e-02 6.669077873229981024e-02 3.746259689331054576e-01
1.600000000000000000e+02 3.400000000000000000e+01 9.999999999998834266e-01 9.999999999999472644e-01 9.999999999999449329e-01 2.803999999999999773e+02 2.960000000000000000e+02 2.960000000000000000e+02 1.151871681213378950e-03 5.258083343505859592e-04 7.509806156158446711e-02 6.632223129272460382e-02 3.753864049911498912e-01
1.600000000000000000e+02 3.700000000000000000e+01 9.999999999998834266e-01 9.999999999999472644e-01 9.999999999999449329e-01 2.803999999999999773e+02 2.960000000000000000e+02 2.960000000000000000e+02 1.139807701110839800e-03 5.222082138061523871e-04 7.484722137451171875e-02 6.640775203704833707e-02 3.739623308181762584e-01
1.900000000000000000e+02 1.000000000000000000e+00 1.022204784774801750e-05 1.022204784774998939e-05 1.022204784774883065e-05 1.400000000000000000e+01 1.400000000000000000e+01 1.400000000000000000e+01 1.128768920898437413e-03 6.009340286254882812e-04 8.024597167968750000e-02 7.604048252105713446e-02 4.298416852951049694e-01
1.900000000000000000e+02 4.000000000000000000e+00 1.006530748974718004e-01 2.774890111161693040e-03 4.150683814752440491e-03 1.411999999999999886e+02 1.102000000000000028e+02 9.040000000000000568e+01 1.142930984497070356e-03 5.955457687377929904e-04 8.404192924499512274e-02 7.900774478912353516e-02 4.207214117050170898e-01
1.900000000000000000e+02 7.000000000000000000e+00 1.536748558249339536e-01 3.476708119389390617e-02 5.552512439203065309e-02 1.988000000000000114e+02 2.500000000000000000e+02 2.500000000000000000e+02 1.136279106140136632e-03 6.007671356201172309e-04 8.579287528991699774e-02 8.086273670196533758e-02 4.245907306671142800e-01
1.900000000000000000e+02 1.000000000000000000e+01 5.829753410818214743e-01 9.999999999999292788e-01 9.999999999999346079e-01 2.228000000000000114e+02 2.960000000000000000e+02 2.960000000000000000e+02 1.130723953247070399e-03 5.930423736572265842e-04 8.658173084259032648e-02 8.631231784820556086e-02 4.280130624771117942e-01
1.900000000000000000e+02 1.300000000000000000e+01 9.089071646361841506e-01 9.999999999999292788e-01 9.999999999999346079e-01 2.300000000000000000e+02 2.960000000000000000e+02 2.960000000000000000e+02 1.148486137390136805e-03 5.982637405395508246e-04 8.669815063476563055e-02 8.117206096649169644e-02 4.246602296829223855e-01
1.900000000000000000e+02 1.600000000000000000e+01 9.999999999998566702e-01 9.999999999999292788e-01 9.999999999999346079e-01 2.371999999999999886e+02 2.960000000000000000e+02 2.960000000000000000e+02 1.152229309082031293e-03 6.008148193359375000e-04 8.681755065917969028e-02 8.155133724212645929e-02 4.285067319869995117e-01
1.900000000000000000e+02 1.900000000000000000e+01 9.999999999998566702e-01 9.999999999999292788e-01 9.999999999999346079e-01 2.371999999999999886e+02 2.960000000000000000e+02 2.960000000000000000e+02 1.132750511169433680e-03 5.954980850219726129e-04 8.670165538787841242e-02 8.120718002319335382e-02 4.257416963577270730e-01
1.900000000000000000e+02 2.200000000000000000e+01 9.999999999998566702e-01 9.999999999999292788e-01 9.999999999999346079e-01 2.371999999999999886e+02 2.960000000000000000e+02 2.960000000000000000e+02 1.140666007995605512e-03 5.974531173706054904e-04 8.715627193450928289e-02 8.129277229309081476e-02 4.267440080642700417e-01
1.900000000000000000e+02 2.500000000000000000e+01 9.999999999998566702e-01 9.999999999999292788e-01 9.999999999999346079e-01 2.371999999999999886e+02 2.960000000000000000e+02 2.960000000000000000e+02 1.136946678161621050e-03 5.978584289550781033e-04 8.683638572692871371e-02 8.121645450592041016e-02 4.259042024612426647e-01
1.900000000000000000e+02 2.800000000000000000e+01 9.999999999998566702e-01 9.999999999999292788e-01 9.999999999999346079e-01 2.371999999999999886e+02 2.960000000000000000e+02 2.960000000000000000e+02 1.157355308532714887e-03 5.980014801025390191e-04 8.686904907226562778e-02 8.146953582763671875e-02 4.270029067993164062e-01
1.900000000000000000e+02 3.100000000000000000e+01 9.999999999998566702e-01 9.999999999999292788e-01 9.999999999999346079e-01 2.371999999999999886e+02 2.960000000000000000e+02 2.960000000000000000e+02 1.141071319580078125e-03 5.946159362792968750e-04 8.683340549468994418e-02 8.131301403045654297e-02 4.263831377029418945e-01
1.900000000000000000e+02 3.400000000000000000e+01 9.999999999998566702e-01 9.999999999999292788e-01 9.999999999999346079e-01 2.371999999999999886e+02 2.960000000000000000e+02 2.960000000000000000e+02 1.123714447021484332e-03 5.936145782470703559e-04 8.699324131011962336e-02 8.118908405303955356e-02 4.270601511001587136e-01
1.900000000000000000e+02 3.700000000000000000e+01 9.999999999998566702e-01 9.999999999999292788e-01 9.999999999999346079e-01 2.371999999999999886e+02 2.960000000000000000e+02 2.960000000000000000e+02 1.137471199035644445e-03 5.976915359497070529e-04 8.733618259429931641e-02 8.125038146972655972e-02 4.327765941619873269e-01
